# E_R [keV]  \xi_T*d_E/dx_T [keV/Å]  x_T [Å]
0.0011	0.00032282161230665773	1.0847944391656767
0.0012	0.0003401538248150639	1.1768887997151496
0.0013000000000000002	0.000357855262273033	1.2643375591112904
0.0014	0.00037491284465366513	1.3476258821052385
0.0015	0.0003913296234028245	1.4272792455954946
0.0016	0.0004077158876933423	1.5036619417982937
0.0017	0.00042346745124411566	1.5770855226831104
0.0018000000000000002	0.00043858431405514463	1.6478816797502138
0.002	0.0004684549176193679	1.7825109472617378
0.0022500000000000003	0.0005037937121721588	1.939454669823677
0.00249999	0.0005374816745124413	2.0859864246846835
0.00274999	0.0005695828850033625	2.2238154119963838
0.00299999	0.0006007076328177538	2.354196221516004
0.00324999	0.0006305202589105582	2.478122855569462
0.00349999	0.0006596920813718897	2.5963819725288815
0.00374999	0.0006875822965702758	2.7096298268834293
0.00399999	0.0007148317081371889	2.8184268214558914
0.004499990000000001	0.0007667673167451244	3.024398682274793
0.00499999	0.0008164143409549428	3.217157425849178
0.005499990000000001	0.0008638338096839275	3.3987721115789578
0.00599999	0.0009089952084734365	3.5709009454396705
0.006499990000000001	0.000952539340954943	3.734828326831308
0.00699999	0.0009944967215870881	3.8915553997087473
0.00799999	0.0010745361466039005	4.186546607175215
0.008999990000000001	0.0011497542871553462	4.46093375919558
0.00999999	0.0012208224613315401	4.718387708747258
0.0109999	0.0012886866173503699	4.961564285570722
0.0119999	0.0013533772696704776	5.1925557224414085
0.0129999	0.001415169048419637	5.412994788166067
0.013999900000000001	0.001474702757229321	5.6241796281806025
0.0149999	0.0015320394250168126	5.827156160487989
0.0159999	0.0015877283120376599	6.0227769234372035
0.016999900000000002	0.0016412201580363146	6.211781299660721
0.0179999	0.0016931252521856087	6.394813374763687
0.0199999	0.001792724445191661	6.744973104216926
0.0224999	0.0019096863651647613	7.157055300364847
0.024999900000000002	0.0020195994451916613	7.545346758798007
0.0274999	0.002123806321452589	7.913571110659847
0.0299999	0.0022225816240753196	8.26459717652708
0.0324999	0.0023168713012777405	8.600695242242193
0.0349999	0.0024070415265635514	8.923667905140363
0.037499899999999996	0.002493397444519166	9.235005494774747
0.0399999	0.0025762441997310022	9.535953134113218
0.044999899999999995	0.0027336377774041694	10.11059898649144
0.0499999	0.0028805343813046403	10.654092216080311
0.0549999	0.0030185512777404174	11.171342343137223
0.059999899999999995	0.0031492141896435778	11.66605530106791
0.0649999	0.0032719738567585747	12.141257157349099
0.0699999	0.0033911023032952253	12.599216471390758
0.0799999	0.0036104707464694017	13.470700952152173
0.0899999	0.0038138496133154004	14.292626520260747
0.0999999	0.004001391476126429	15.073434455391784
0.11	0.004176178295225286	15.819682155937794
0.12	0.004341383574310693	16.53612347220478
0.13	0.004493986381977136	17.226822106947452
0.13999899999999998	0.004643202084734364	17.894635896560022
0.149999	0.004779906859448554	18.54224188358122
0.159999	0.004913255043712173	19.17183705484307
0.169999	0.005040256220578347	19.784944751995045
0.179999	0.005160910390047075	20.38317253952589
0.199999	0.005389433170813719	21.54002646135809
0.224999	0.00564822629455279	22.92204474772354
0.249999	0.005887459650302624	24.244478139415538
0.27499900000000005	0.006107774041694687	25.516254748464096
0.299999	0.00631222091459314	26.74456761709587
0.32499900000000004	0.006503546570275723	27.93496219006128
0.349999	0.006682361297915266	29.09195620274007
0.374999	0.006851411398789509	30.21920513252393
0.39999900000000005	0.007007950571620713	31.31997695445181
0.44999900000000004	0.007301499663752522	33.45206930061756
0.499999	0.00756606002017485	35.5041149144261
0.549999	0.007808344821788837	37.488586567210476
0.5999990000000001	0.008031100369872226	39.41480616727923
0.649999	0.008234631809011433	41.29059269432016
0.699999	0.008425347175521184	43.122046640538294
0.799999	0.00877107599193006	46.6698523924221
0.899999	0.009071643409549428	50.08936835995353
0.9999990000000001	0.009342916946872898	53.4029005383969
1.1	0.009585201748486887	56.626623145106564
1.2	0.00980490585070612	59.773650776420304
1.3	0.010007827000672495	62.85357583705071
1.4	0.010191218897108273	65.87459387698536
1.5	0.010358743275050436	68.84412604957991
1.6	0.010515892737054472	71.76753816188622
1.7	0.010663277572293208	74.64888244396876
1.8	0.01079784633490249	77.4923733371027
2.	0.011043182582380634	83.08013606127264
2.25	0.011309573806321452	89.90402585573163
2.5	0.011539042535305986	96.58015920595685
2.75	0.011738912239408204	103.13343585313562
3.	0.011914980665770009	109.58274762846291
3.25	0.012070604404841964	115.94301363381014
3.5	0.012209445191661061	122.2262782979015
3.75	0.01233455447209146	128.44202926108244
4.	0.012445932246133155	134.59849150247211
4.5	0.012634511600537995	146.76212825556965
5.	0.012791661062542033	158.76112912452848
5.5	0.012920432078009416	170.6270612268805
6.	0.013027842972427707	182.38536719787763
6.5	0.01311725033624748	194.05539716081006
7.	0.0131920107599193	205.65281353300077
8.	0.013307355413584398	228.67717415101484
9.	0.013385472427706793	251.53623257026877
10.	0.013438872730329524	274.2844093571415
11.	0.013472133490248823	296.9600721464104
12.	0.013491357599193007	319.5921269460406
13.	0.01349807078009415	342.20292030130224
14.	0.013497765635507735	364.80881479646274
15.	0.013491662743779423	387.4199276040683
16.	0.013476405514458643	410.049398922095
17.	0.013461758574310692	432.7042683828322
18.	0.013441924176193679	455.38792324571716
20.	0.013395542199058507	500.8674938462692
22.5	0.013331766980497647	557.9501085072654
25.	0.01326158372562206	615.3214366097944
27.5	0.013191400470746469	672.9994605632958
30.	0.013127320107599197	730.9711491807191
32.5	0.013060188298587763	789.2338865877908
35.	0.013002210827168797	847.776850678201
37.5	0.012944233355749832	906.580877000415
40.	0.01289235877605918	965.6357837798594
45.	0.012800815400134499	1084.4350113633964
50.	0.012794712508406187	1203.6813769899713
55.	0.012776403833221253	1322.9989011452558
60.	0.012733683591123068	1442.6043172890306
65.	0.012684860457296573	1562.6500828773515
70.	0.012636037323470075	1683.1618040044655
80.	0.012544493947545395	1925.5557858262598
90.	0.012483465030262273	2169.4463165381935
100.	0.012449899125756558	2414.2594901567304
110.	0.012443796234028246	2659.4652143802678
120.	0.012468207800941496	2904.488266031771
130.	0.012517030934767992	3148.785766330063
140.	0.012587214189643578	3391.922861155613
150.	0.01267875756556826	3633.4989908670077
160.	0.012785558170813718	3873.188801975526
170.	0.01290761600537996	4110.739091886067
180.	0.013038828177538668	4345.9671832015565
200.	0.013334818426361804	4808.931710703044
225.	0.013749815063887021	5372.434724804845
250.	0.0141953261600538	5918.536239594348
275.	0.01466219737726967	6447.3472110574785
300.	0.015144325823806322	6959.306693878883
325.	0.0156386600537996	7455.01718057348
350.	0.01614275891055817	7935.138892663977
375.	0.016648078345662405	8400.474149714977
400.	0.017159805817081375	8851.811285211628
450.	0.01818936365164761	9715.31273089078
500.	0.019223498655010086	10531.138038492598
550.	0.020254887357094825	11304.237447080806
600.	0.02127834229993275	12039.066274051907
650.	0.0222963046402152	12739.459104801086
700.	0.023308774377942168	13408.652527615543
800.	0.025299842804303967	14664.686651956978
900.	0.027251242434431746	15826.408596712889
1000.	0.02916755043712172	16908.432518190766