# E_R [keV]  \xi_T*d_E/dx_T [keV/Å]  x_T [Å]
0.0011	0.0006518676380128977	1.2771897422524545
0.0012	0.0006828505874849408	1.4048160697246717
0.0013000000000000002	0.0007159104159875274	1.5265503845673474
0.0014	0.0007478211515838706	1.642856838034085
0.0015	0.0007786594004677201	1.7543820251859874
0.0016	0.0008086209340231024	1.8616351423905362
0.0017	0.0008377312876479342	1.9650384885170586
0.0018000000000000002	0.0008659053433491601	2.0649645401309313
0.002	0.0009202957409113458	2.255599421965594
0.0022500000000000003	0.0009842193536956983	2.479074188413802
0.00249999	0.001045334072709234	2.688777195625038
0.00274999	0.0011036398979519522	2.886825323392657
0.00299999	0.0011590517114307987	3.0749200232645175
0.00324999	0.0012125909290624335	3.2543709963071668
0.00349999	0.0012634063709163063	3.4262597200359535
0.00374999	0.0013132003968535184	3.591434891482009
0.00399999	0.0013602706470129684	3.7506208841427275
0.004499990000000001	0.0014515171355679965	4.053363819473191
0.00499999	0.0015371458365813903	4.338169608147055
0.005499990000000001	0.001618944227907306	4.60786445966111
0.00599999	0.0016961462476082487	4.864616216703547
0.006499990000000001	0.0017696030756147684	5.110212443506878
0.00699999	0.001840336127843526	5.346001665620864
0.00799999	0.0019742267309191407	5.792272938793602
0.008999990000000001	0.0020987543547586985	6.210223858454354
0.00999999	0.002215876713202466	6.604769613006518
0.0109999	0.002326444986180993	6.979497870449725
0.0119999	0.0024305442916873355	7.337349985266192
0.0129999	0.00252996210757565	7.680525128568265
0.013999900000000001	0.0026247835518389906	8.01076837505922
0.0149999	0.0027157746864148536	8.329523045599252
0.0159999	0.0028031908652824036	8.637970686858134
0.016999900000000002	0.0028867767344624754	8.937149695879206
0.0179999	0.002967638827864786	9.227927669398623
0.0199999	0.00312102145135001	9.787064321828646
0.0224999	0.003300365062717029	10.449768686147989
0.024999900000000002	0.0034658344412160716	11.078701535984095
0.0274999	0.0036210896605485075	11.679194427300683
0.0299999	0.003767918198568492	12.255132961291197
0.0324999	0.00390555399333853	12.809722585985217
0.0349999	0.004036635702643327	13.345557282374383
0.037499899999999996	0.004161163326482885	13.86468043918995
0.0399999	0.004279307100843313	14.368882623675628
0.044999899999999995	0.004502401360640634	15.338025188157804
0.0499999	0.004706939897951952	16.26216158949554
0.0549999	0.004897433966409184	17.148312313498916
0.059999899999999995	0.005074990099922046	18.001769770857507
0.0649999	0.005242161838282191	18.826719160658122
0.0699999	0.0053991194174757276	19.626544011953786
0.0799999	0.005688775947842109	21.161526554151347
0.0899999	0.005951279838423924	22.623754589027204
0.0999999	0.006191142342853092	24.025524357638457
0.11	0.0064114277088795964	25.37616134280681
0.12	0.006615710892211748	26.682789073156826
0.13	0.006805013308766211	27.95112084512752
0.13999899999999998	0.0069828247962582385	29.185582307988692
0.149999	0.007149911416625328	30.390044603819728
0.159999	0.007307379703777195	31.567483448114526
0.169999	0.007457187371554105	32.72041582828301
0.179999	0.00759763206009496	33.85112007706322
0.199999	0.007859795478704556	36.05352928001003
0.224999	0.008154303734675074	38.71051699233858
0.249999	0.008420723052937423	41.27770372971227
0.27499900000000005	0.008661606973283253	43.76871486863804
0.299999	0.008882062575295866	46.194290292298405
0.32499900000000004	0.009084643398766919	48.56280543054814
0.349999	0.00927275416341861	50.88093878789737
0.374999	0.009446394869250937	53.154299547927344
0.39999900000000005	0.00960897023598611	55.38758702744931
0.44999900000000004	0.00990518085181773	59.748462790207526
0.499999	0.010170748990149527	63.98736032163934
0.549999	0.010401418751328748	68.12413780929765
0.5999990000000001	0.010611660194174756	72.17433169118891
0.649999	0.010801473318687548	76.14899841122723
0.699999	0.01098107228403373	80.05633228953127
0.799999	0.011290050598823612	87.69734953184492
0.899999	0.01155646991708596	95.14696188386445
0.9999990000000001	0.011791395577917935	102.43685598120727
1.1	0.011994827581319537	109.59267280808105
1.2	0.01217612890652682	116.6349549173304
1.3	0.012344662532775847	123.57659664440608
1.4	0.012484256041386154	130.4322639163784
1.5	0.012619593650343703	137.21308268096766
1.6	0.012736205300829138	143.92651042901812
1.7	0.012848561051661822	150.58004234008635
1.8	0.0129507026433279	157.17816005487833
2.	0.013131152788604633	170.2300743475455
2.25	0.013315858833534122	186.31912339617816
2.5	0.013480987740060945	202.19876831506417
2.75	0.01361206944936574	217.90532632465877
3.	0.013735490539295585	233.46620374976953
3.25	0.013835078591170011	248.90126729571975
3.5	0.013928708383530577	264.22934520885923
3.75	0.014007868117071786	279.4626837693606
4.	0.014082771950960242	294.6128384517343
4.5	0.01421130012047339	324.6916707020421
5.	0.014315995251931116	354.5267420537607
5.5	0.01441643448373609	384.14925191553334
6.	0.01449814775706895	413.5853358751535
6.5	0.014578158670540714	442.85862910039907
7.	0.014650508964637515	471.97907094779373
8.	0.014784144213733964	529.8105700280357
9.	0.01490841648359436	587.1414508373942
10.	0.015027581673871446	644.0070513745738
11.	0.015143342144426333	700.4306533804142
12.	0.015259102614981219	756.4249700128269
13.	0.015374011905605556	811.9976379787068
14.	0.015488921196229891	867.1561052437631
15.	0.015600425767132022	921.913979668634
16.	0.015719590957409112	976.2693306079757
17.	0.0158404585075473	1030.208967210572
18.	0.015952814258379983	1083.752890019953
20.	0.016192846998795266	1189.6963940630387
22.5	0.016494164694210188	1319.8893028703822
25.	0.01675377457302813	1447.8654276713937
27.5	0.016957206576429736	1574.0907960734678
30.	0.017143614981220325	1698.8887219026415
32.5	0.01732491630642761	1822.360622493768
35.	0.017507068811565444	1944.5429167575107
37.5	0.01767985833746722	2065.4911469266904
40.	0.017848391963716247	2185.2792432043666
45.	0.018178649776769893	2421.538699512488
50.	0.018502949330309684	2653.5852889369758
55.	0.018823844164127277	2881.6185476093783
60.	0.01913452483877826	3105.8563955268532
65.	0.01944009843384593	3326.5161709945264
70.	0.01974482084898306	3543.7392027061596
80.	0.020335539720785202	3968.4621256586133
90.	0.020900723194670824	4381.281114197872
100.	0.02144632953015378	4783.26292990362
110.	0.021957888668414707	5175.455230870987
120.	0.02245497774785628	5558.744563399403
130.	0.022924829069520227	5933.861114502895
140.	0.023374252072850966	6301.537175867718
150.	0.023809205017362334	6662.328662809997
160.	0.02423564616256821	7016.6495020657985
170.	0.024645063709163056	7364.909706447545
180.	0.025044267096591306	7707.509075332004
200.	0.025833310892211747	8376.764838288116
225.	0.026804507192970024	9185.353564318902
250.	0.027771447594075543	9965.22006817077
275.	0.028719662036708952	10718.64131718372
300.	0.02966447175962015	11447.622877041002
325.	0.030583746084614838	12154.031211743204
350.	0.03148684799092906	12839.709247428511
375.	0.03237888455814612	13506.100910990393
400.	0.03324283218765502	14154.646805882028
450.	0.03490688895188151	15403.64813191082
500.	0.03650872446318475	16595.549115149195
550.	0.03805267973921054	17737.144495377353
600.	0.039536711948125566	18834.18631235981
650.	0.040976057210686694	19891.39853171248
700.	0.042369523874991134	20912.673584985543
800.	0.04504929365034369	22860.129207825194
900.	0.047596364474523416	24697.685655302183
1000.	0.0500328670257246	26441.45037572888