# (E [MeV])  (Flux [1/MeV/cm^2/s]
5.995000E-03  8.979956E+04
7.183200E-03  1.426668E+05
8.371400E-03  1.955313E+05
9.559600E-03  2.483986E+05
1.074800E-02  3.012686E+05
1.193600E-02  3.541442E+05
1.312400E-02  4.397126E+05
1.431200E-02  5.268656E+05
1.550100E-02  6.140186E+05
1.668900E-02  7.011438E+05
1.787700E-02  7.882968E+05
1.906500E-02  9.058908E+05
2.025300E-02  1.026543E+06
2.144200E-02  1.147167E+06
2.263000E-02  1.267819E+06
2.381800E-02  1.388471E+06
2.500600E-02  1.537368E+06
2.619400E-02  1.690740E+06
2.738200E-02  1.844085E+06
2.857100E-02  1.997458E+06
2.975900E-02  2.150830E+06
3.094700E-02  2.330307E+06
3.213500E-02  2.515594E+06
3.332300E-02  2.700881E+06
3.451200E-02  2.886196E+06
3.570000E-02  3.071344E+06
3.688800E-02  3.280956E+06
3.807600E-02  3.497518E+06
3.926400E-02  3.714080E+06
4.045300E-02  3.930642E+06
4.164100E-02  4.146926E+06
4.282900E-02  4.385728E+06
4.401700E-02  4.632592E+06
4.520500E-02  4.879456E+06
4.639400E-02  5.126320E+06
4.758200E-02  5.373184E+06
4.877000E-02  5.640342E+06
4.995800E-02  5.916952E+06
5.114600E-02  6.193562E+06
5.233500E-02  6.470172E+06
5.352300E-02  6.746782E+06
5.471100E-02  7.041740E+06
5.589900E-02  7.347262E+06
5.708700E-02  7.652784E+06
5.827600E-02  7.958306E+06
5.946400E-02  8.263828E+06
6.065200E-02  8.586030E+06
6.184000E-02  8.919630E+06
6.302800E-02  9.253508E+06
6.421600E-02  9.587108E+06
6.540500E-02  9.920708E+06
6.659300E-02  1.026932E+07
6.778100E-02  1.063044E+07
6.896900E-02  1.099156E+07
7.015700E-02  1.135269E+07
7.134600E-02  1.171381E+07
7.253400E-02  1.208827E+07
7.372200E-02  1.247608E+07
7.491000E-02  1.286389E+07
7.609800E-02  1.325198E+07
7.728700E-02  1.363979E+07
7.847500E-02  1.403928E+07
7.966300E-02  1.445322E+07
8.085100E-02  1.486688E+07
8.203900E-02  1.528083E+07
8.322800E-02  1.569449E+07
8.441600E-02  1.611872E+07
8.560400E-02  1.655768E+07
8.679200E-02  1.699692E+07
8.798000E-02  1.743588E+07
8.916900E-02  1.787484E+07
9.035700E-02  1.832298E+07
9.154500E-02  1.878668E+07
9.273300E-02  1.925011E+07
9.392100E-02  1.971381E+07
9.510900E-02  2.017724E+07
9.629800E-02  2.064845E+07
9.748600E-02  2.113551E+07
9.867400E-02  2.162256E+07
9.986200E-02  2.210962E+07
1.010500E-01  2.259667E+07
1.022400E-01  2.309012E+07
1.034300E-01  2.360109E+07
1.046200E-01  2.411205E+07
1.058000E-01  2.462329E+07
1.069900E-01  2.513426E+07
1.081800E-01  2.565023E+07
1.093700E-01  2.618287E+07
1.105600E-01  2.671580E+07
1.117400E-01  2.724873E+07
1.129300E-01  2.778137E+07
1.141200E-01  2.831708E+07
1.153100E-01  2.887308E+07
1.165000E-01  2.942630E+07
1.176900E-01  2.998230E+07
1.188700E-01  3.053830E+07
1.200600E-01  3.109430E+07
1.212500E-01  3.166976E+07
1.224400E-01  3.224522E+07
1.236300E-01  3.282068E+07
1.248100E-01  3.339614E+07
1.260000E-01  3.397438E+07
1.271900E-01  3.456930E+07
1.283800E-01  3.516700E+07
1.295700E-01  3.576192E+07
1.307600E-01  3.635962E+07
1.319400E-01  3.695732E+07
1.331300E-01  3.757170E+07
1.343200E-01  3.818886E+07
1.355100E-01  3.880324E+07
1.367000E-01  3.942040E+07
1.378800E-01  4.003478E+07
1.390700E-01  4.066862E+07
1.402600E-01  4.130524E+07
1.414500E-01  4.193908E+07
1.426400E-01  4.257570E+07
1.438300E-01  4.321232E+07
1.450100E-01  4.386284E+07
1.462000E-01  4.451614E+07
1.473900E-01  4.516944E+07
1.485800E-01  4.582274E+07
1.497700E-01  4.647604E+07
1.509500E-01  4.714324E+07
1.521400E-01  4.781600E+07
1.533300E-01  4.848598E+07
1.545200E-01  4.915874E+07
1.557100E-01  4.982872E+07
1.569000E-01  5.051260E+07
1.580800E-01  5.120204E+07
1.592700E-01  5.188870E+07
1.604600E-01  5.257814E+07
1.616500E-01  5.326480E+07
1.628400E-01  5.396536E+07
1.640200E-01  5.467148E+07
1.652100E-01  5.537482E+07
1.664000E-01  5.608094E+07
1.675900E-01  5.678428E+07
1.687800E-01  5.750152E+07
1.699700E-01  5.822154E+07
1.711500E-01  5.894156E+07
1.723400E-01  5.965880E+07
1.735300E-01  6.037882E+07
1.747200E-01  6.110996E+07
1.759100E-01  6.184666E+07
1.770900E-01  6.258058E+07
1.782800E-01  6.331728E+07
1.794700E-01  6.405398E+07
1.806600E-01  6.479902E+07
1.818500E-01  6.554684E+07
1.830400E-01  6.629744E+07
1.842200E-01  6.704526E+07
1.854100E-01  6.779586E+07
1.866000E-01  6.855202E+07
1.877900E-01  6.931652E+07
1.889800E-01  7.008102E+07
1.901600E-01  7.084552E+07
1.913500E-01  7.160724E+07
1.925400E-01  7.238008E+07
1.937300E-01  7.315570E+07
1.949200E-01  7.393132E+07
1.961100E-01  7.470694E+07
1.972900E-01  7.548534E+07
1.984800E-01  7.626930E+07
1.996700E-01  7.705882E+07
2.008600E-01  7.784834E+07
2.020500E-01  7.863786E+07
2.032400E-01  7.942738E+07
2.044200E-01  8.022246E+07
2.056100E-01  8.102310E+07
2.068000E-01  8.182374E+07
2.079900E-01  8.262438E+07
2.091800E-01  8.342502E+07
2.103600E-01  8.423122E+07
2.115500E-01  8.504298E+07
2.127400E-01  8.585752E+07
2.139300E-01  8.666928E+07
2.151200E-01  8.748382E+07
2.163100E-01  8.830114E+07
2.174900E-01  8.912402E+07
2.186800E-01  8.994690E+07
2.198700E-01  9.076978E+07
2.210600E-01  9.159266E+07
2.222500E-01  9.242110E+07
2.234300E-01  9.325510E+07
2.246200E-01  9.408910E+07
2.258100E-01  9.492310E+07
2.270000E-01  9.575710E+07
2.281900E-01  9.659388E+07
2.293800E-01  9.743622E+07
2.305600E-01  9.827856E+07
2.317500E-01  9.912090E+07
2.329400E-01  9.996324E+07
2.341300E-01  1.008084E+08
2.353200E-01  1.016618E+08
2.365000E-01  1.025153E+08
2.376900E-01  1.033687E+08
2.388800E-01  1.042222E+08
2.400700E-01  1.050757E+08
2.412600E-01  1.059375E+08
2.424500E-01  1.067993E+08
2.436300E-01  1.076611E+08
2.448200E-01  1.085229E+08
2.460100E-01  1.093847E+08
2.472000E-01  1.102520E+08
2.483900E-01  1.111194E+08
2.495700E-01  1.119867E+08
2.507600E-01  1.128541E+08
2.519500E-01  1.137242E+08
2.531400E-01  1.145999E+08
2.543300E-01  1.154729E+08
2.555200E-01  1.163486E+08
2.567000E-01  1.172243E+08
2.578900E-01  1.181000E+08
2.590800E-01  1.189840E+08
2.602700E-01  1.198680E+08
2.614600E-01  1.207521E+08
2.626400E-01  1.216333E+08
2.638300E-01  1.225174E+08
2.650200E-01  1.234070E+08
2.662100E-01  1.242938E+08
2.674000E-01  1.251834E+08
2.685900E-01  1.260702E+08
2.697700E-01  1.269570E+08
2.709600E-01  1.278522E+08
2.721500E-01  1.287474E+08
2.733400E-01  1.296425E+08
2.745300E-01  1.305377E+08
2.757100E-01  1.314328E+08
2.769000E-01  1.323308E+08
2.780900E-01  1.332315E+08
2.792800E-01  1.341294E+08
2.804700E-01  1.350302E+08
2.816600E-01  1.359281E+08
2.828400E-01  1.368316E+08
2.840300E-01  1.377379E+08
2.852200E-01  1.386414E+08
2.864100E-01  1.395477E+08
2.876000E-01  1.404512E+08
2.887800E-01  1.413602E+08
2.899700E-01  1.422665E+08
2.911600E-01  1.431728E+08
2.923500E-01  1.440818E+08
2.935400E-01  1.449881E+08
2.947300E-01  1.459000E+08
2.959100E-01  1.468118E+08
2.971000E-01  1.477236E+08
2.982900E-01  1.486355E+08
2.994800E-01  1.495473E+08
3.006700E-01  1.504619E+08
3.018600E-01  1.513738E+08
3.030400E-01  1.522884E+08
3.042300E-01  1.532030E+08
3.054200E-01  1.541176E+08
3.066100E-01  1.550323E+08
3.078000E-01  1.559497E+08
3.089800E-01  1.568671E+08
3.101700E-01  1.577872E+08
3.113600E-01  1.587046E+08
3.125500E-01  1.596220E+08
3.137400E-01  1.605394E+08
3.149300E-01  1.614568E+08
3.161100E-01  1.623770E+08
3.173000E-01  1.632944E+08
3.184900E-01  1.642146E+08
3.196800E-01  1.651376E+08
3.208700E-01  1.660577E+08
3.220500E-01  1.669807E+08
3.232400E-01  1.679009E+08
3.244300E-01  1.688238E+08
3.256200E-01  1.697440E+08
3.268100E-01  1.706670E+08
3.280000E-01  1.715899E+08
3.291800E-01  1.725101E+08
3.303700E-01  1.734331E+08
3.315600E-01  1.743533E+08
3.327500E-01  1.752734E+08
3.339400E-01  1.761964E+08
3.351200E-01  1.771166E+08
3.363100E-01  1.780368E+08
3.375000E-01  1.789569E+08
3.386900E-01  1.798771E+08
3.398800E-01  1.807973E+08
3.410700E-01  1.817203E+08
3.422500E-01  1.826404E+08
3.434400E-01  1.835634E+08
3.446300E-01  1.844836E+08
3.458200E-01  1.854065E+08
3.470100E-01  1.863295E+08
3.481900E-01  1.872497E+08
3.493800E-01  1.881699E+08
3.505700E-01  1.890873E+08
3.517600E-01  1.900074E+08
3.529500E-01  1.909276E+08
3.541400E-01  1.918450E+08
3.553200E-01  1.927652E+08
3.565100E-01  1.936854E+08
3.577000E-01  1.946028E+08
3.588900E-01  1.955230E+08
3.600800E-01  1.964431E+08
3.612600E-01  1.973605E+08
3.624500E-01  1.982779E+08
3.636400E-01  1.991953E+08
3.648300E-01  2.001127E+08
3.660200E-01  2.010301E+08
3.672100E-01  2.019420E+08
3.683900E-01  2.028566E+08
3.695800E-01  2.037684E+08
3.707700E-01  2.046831E+08
3.719600E-01  2.055949E+08
3.731500E-01  2.065067E+08
3.743300E-01  2.074158E+08
3.755200E-01  2.083276E+08
3.767100E-01  2.092367E+08
3.779000E-01  2.101485E+08
3.790900E-01  2.110576E+08
3.802800E-01  2.119639E+08
3.814600E-01  2.128729E+08
3.826500E-01  2.137820E+08
3.838400E-01  2.146911E+08
3.850300E-01  2.155946E+08
3.862200E-01  2.165008E+08
3.874100E-01  2.174043E+08
3.885900E-01  2.183106E+08
3.897800E-01  2.192141E+08
3.909700E-01  2.201148E+08
3.921600E-01  2.210156E+08
3.933500E-01  2.219135E+08
3.945300E-01  2.228142E+08
3.957200E-01  2.237122E+08
3.969100E-01  2.246073E+08
3.981000E-01  2.255025E+08
3.992900E-01  2.263976E+08
4.004800E-01  2.272900E+08
4.016600E-01  2.281852E+08
4.028500E-01  2.290776E+08
4.040400E-01  2.299672E+08
4.052300E-01  2.308568E+08
4.064200E-01  2.317491E+08
4.076000E-01  2.326387E+08
4.087900E-01  2.335256E+08
4.099800E-01  2.344096E+08
4.111700E-01  2.352964E+08
4.123600E-01  2.361805E+08
4.135500E-01  2.370673E+08
4.147300E-01  2.379458E+08
4.159200E-01  2.388242E+08
4.171100E-01  2.397027E+08
4.183000E-01  2.405812E+08
4.194900E-01  2.414569E+08
4.206700E-01  2.423298E+08
4.218600E-01  2.432027E+08
4.230500E-01  2.440757E+08
4.242400E-01  2.449458E+08
4.254300E-01  2.458187E+08
4.266200E-01  2.466861E+08
4.278000E-01  2.475534E+08
4.289900E-01  2.484180E+08
4.301800E-01  2.492854E+08
4.313700E-01  2.501527E+08
4.325600E-01  2.510118E+08
4.337400E-01  2.518680E+08
4.349300E-01  2.527270E+08
4.361200E-01  2.535860E+08
4.373100E-01  2.544423E+08
4.385000E-01  2.552957E+08
4.396900E-01  2.561492E+08
4.408700E-01  2.569999E+08
4.420600E-01  2.578533E+08
4.432500E-01  2.587040E+08
4.444400E-01  2.595491E+08
4.456300E-01  2.603915E+08
4.468100E-01  2.612338E+08
4.480000E-01  2.620762E+08
4.491900E-01  2.629185E+08
4.503800E-01  2.637581E+08
4.515700E-01  2.645921E+08
4.527600E-01  2.654288E+08
4.539400E-01  2.662628E+08
4.551300E-01  2.670996E+08
4.563200E-01  2.679281E+08
4.575100E-01  2.687537E+08
4.587000E-01  2.695794E+08
4.598800E-01  2.704023E+08
4.610700E-01  2.712279E+08
4.622600E-01  2.720508E+08
4.634500E-01  2.728681E+08
4.646400E-01  2.736854E+08
4.658300E-01  2.745028E+08
4.670100E-01  2.753201E+08
4.682000E-01  2.761318E+08
4.693900E-01  2.769380E+08
4.705800E-01  2.777470E+08
4.717700E-01  2.785560E+08
4.729500E-01  2.793622E+08
4.741400E-01  2.801684E+08
4.753300E-01  2.809746E+08
4.765200E-01  2.817530E+08
4.777100E-01  2.825592E+08
4.789000E-01  2.833654E+08
4.800800E-01  2.841716E+08
4.812700E-01  2.849500E+08
4.824600E-01  2.857284E+08
4.836500E-01  2.865068E+08
4.848400E-01  2.873130E+08
4.860300E-01  2.880914E+08
4.872100E-01  2.888698E+08
4.884000E-01  2.896482E+08
4.895900E-01  2.904266E+08
4.907800E-01  2.912050E+08
4.919700E-01  2.919834E+08
4.931500E-01  2.927340E+08
4.943400E-01  2.935124E+08
4.955300E-01  2.942630E+08
4.967200E-01  2.950414E+08
4.979100E-01  2.957920E+08
4.991000E-01  2.965426E+08
5.002800E-01  2.973210E+08
5.014700E-01  2.980716E+08
5.026600E-01  2.988222E+08
5.038500E-01  2.995728E+08
5.050400E-01  3.003234E+08
5.062200E-01  3.010462E+08
5.074100E-01  3.017968E+08
5.086000E-01  3.025196E+08
5.097900E-01  3.032702E+08
5.109800E-01  3.039930E+08
5.121700E-01  3.047158E+08
5.133500E-01  3.054664E+08
5.145400E-01  3.061892E+08
5.157300E-01  3.069120E+08
5.169200E-01  3.076348E+08
5.181100E-01  3.083576E+08
5.192900E-01  3.090804E+08
5.204800E-01  3.098032E+08
5.216700E-01  3.105260E+08
5.228600E-01  3.112488E+08
5.240500E-01  3.119438E+08
5.252400E-01  3.126388E+08
5.264200E-01  3.133616E+08
5.276100E-01  3.140566E+08
5.288000E-01  3.147516E+08
5.299900E-01  3.154466E+08
5.311800E-01  3.161416E+08
5.323600E-01  3.168366E+08
5.335500E-01  3.175316E+08
5.347400E-01  3.181988E+08
5.359300E-01  3.188938E+08
5.371200E-01  3.195610E+08
5.383100E-01  3.202282E+08
5.394900E-01  3.209232E+08
5.406800E-01  3.215904E+08
5.418700E-01  3.222576E+08
5.430600E-01  3.229248E+08
5.442500E-01  3.235920E+08
5.454300E-01  3.242592E+08
5.466200E-01  3.248986E+08
5.478100E-01  3.255658E+08
5.490000E-01  3.262330E+08
5.501900E-01  3.268724E+08
5.513800E-01  3.275396E+08
5.525600E-01  3.281790E+08
5.537500E-01  3.288184E+08
5.549400E-01  3.294578E+08
5.561300E-01  3.300972E+08
5.573200E-01  3.307366E+08
5.585000E-01  3.313482E+08
5.596900E-01  3.319876E+08
5.608800E-01  3.325992E+08
5.620700E-01  3.332108E+08
5.632600E-01  3.338502E+08
5.644500E-01  3.344618E+08
5.656300E-01  3.350734E+08
5.668200E-01  3.356850E+08
5.680100E-01  3.362966E+08
5.692000E-01  3.369082E+08
5.703900E-01  3.374920E+08
5.715700E-01  3.381036E+08
5.727600E-01  3.386874E+08
5.739500E-01  3.392990E+08
5.751400E-01  3.398828E+08
5.763300E-01  3.404666E+08
5.775200E-01  3.410504E+08
5.787000E-01  3.416342E+08
5.798900E-01  3.422180E+08
5.810800E-01  3.427740E+08
5.822700E-01  3.433578E+08
5.834600E-01  3.439138E+08
5.846500E-01  3.444698E+08
5.858300E-01  3.450258E+08
5.870200E-01  3.456096E+08
5.882100E-01  3.461656E+08
5.894000E-01  3.466938E+08
5.905900E-01  3.472498E+08
5.917700E-01  3.478058E+08
5.929600E-01  3.483618E+08
5.941500E-01  3.488900E+08
5.953400E-01  3.494182E+08
5.965300E-01  3.499464E+08
5.977200E-01  3.504746E+08
5.989000E-01  3.510028E+08
6.000900E-01  3.515310E+08
6.012800E-01  3.520592E+08
6.024700E-01  3.525596E+08
6.036600E-01  3.530878E+08
6.048400E-01  3.536160E+08
6.060300E-01  3.541164E+08
6.072200E-01  3.546168E+08
6.084100E-01  3.551172E+08
6.096000E-01  3.556176E+08
6.107900E-01  3.561180E+08
6.119700E-01  3.566184E+08
6.131600E-01  3.570910E+08
6.143500E-01  3.575914E+08
6.155400E-01  3.580640E+08
6.167300E-01  3.585366E+08
6.179100E-01  3.590092E+08
6.191000E-01  3.594818E+08
6.202900E-01  3.599544E+08
6.214800E-01  3.604270E+08
6.226700E-01  3.608718E+08
6.238600E-01  3.613444E+08
6.250400E-01  3.617892E+08
6.262300E-01  3.622340E+08
6.274200E-01  3.626788E+08
6.286100E-01  3.631236E+08
6.298000E-01  3.635684E+08
6.309800E-01  3.640132E+08
6.321700E-01  3.644580E+08
6.333600E-01  3.648750E+08
6.345500E-01  3.653198E+08
6.357400E-01  3.657368E+08
6.369300E-01  3.661538E+08
6.381100E-01  3.665708E+08
6.393000E-01  3.669600E+08
6.404900E-01  3.673770E+08
6.416800E-01  3.677940E+08
6.428700E-01  3.681832E+08
6.440500E-01  3.685724E+08
6.452400E-01  3.689616E+08
6.464300E-01  3.693786E+08
6.476200E-01  3.697678E+08
6.488100E-01  3.701292E+08
6.500000E-01  3.705184E+08
6.511800E-01  3.709076E+08
6.523700E-01  3.712690E+08
6.535600E-01  3.716582E+08
6.547500E-01  3.720196E+08
6.559400E-01  3.723810E+08
6.571200E-01  3.727424E+08
6.583100E-01  3.731038E+08
6.595000E-01  3.734652E+08
6.606900E-01  3.737988E+08
6.618800E-01  3.741324E+08
6.630700E-01  3.744660E+08
6.642500E-01  3.747996E+08
6.654400E-01  3.751332E+08
6.666300E-01  3.754668E+08
6.678200E-01  3.757726E+08
6.690100E-01  3.761062E+08
6.701900E-01  3.764398E+08
6.713800E-01  3.767456E+08
6.725700E-01  3.770514E+08
6.737600E-01  3.773572E+08
6.749500E-01  3.776630E+08
6.761400E-01  3.779688E+08
6.773200E-01  3.782746E+08
6.785100E-01  3.785526E+08
6.797000E-01  3.788306E+08
6.808900E-01  3.791086E+08
6.820800E-01  3.793866E+08
6.832700E-01  3.796924E+08
6.844500E-01  3.799426E+08
6.856400E-01  3.802206E+08
6.868300E-01  3.804708E+08
6.880200E-01  3.807488E+08
6.892100E-01  3.809990E+08
6.903900E-01  3.812492E+08
6.915800E-01  3.814994E+08
6.927700E-01  3.817496E+08
6.939600E-01  3.819720E+08
6.951500E-01  3.822222E+08
6.963400E-01  3.824446E+08
6.975200E-01  3.826670E+08
6.987100E-01  3.828894E+08
6.999000E-01  3.831396E+08
7.010900E-01  3.833620E+08
7.022800E-01  3.835566E+08
7.034600E-01  3.837790E+08
7.046500E-01  3.839736E+08
7.058400E-01  3.841682E+08
7.070300E-01  3.843906E+08
7.082200E-01  3.845852E+08
7.094100E-01  3.847520E+08
7.105900E-01  3.849466E+08
7.117800E-01  3.851412E+08
7.129700E-01  3.853358E+08
7.141600E-01  3.855026E+08
7.153500E-01  3.856416E+08
7.165300E-01  3.858084E+08
7.177200E-01  3.859752E+08
7.189100E-01  3.861420E+08
7.201000E-01  3.862810E+08
7.212900E-01  3.864200E+08
7.224800E-01  3.865590E+08
7.236600E-01  3.866980E+08
7.248500E-01  3.868648E+08
7.260400E-01  3.869760E+08
7.272300E-01  3.871150E+08
7.284200E-01  3.872540E+08
7.296000E-01  3.873652E+08
7.307900E-01  3.875042E+08
7.319800E-01  3.876154E+08
7.331700E-01  3.876988E+08
7.343600E-01  3.878100E+08
7.355500E-01  3.878934E+08
7.367300E-01  3.880046E+08
7.379200E-01  3.880880E+08
7.391100E-01  3.881714E+08
7.403000E-01  3.882548E+08
7.414900E-01  3.883382E+08
7.426700E-01  3.884216E+08
7.438600E-01  3.885050E+08
7.450500E-01  3.885606E+08
7.462400E-01  3.886162E+08
7.474300E-01  3.886718E+08
7.486200E-01  3.887552E+08
7.498000E-01  3.887830E+08
7.509900E-01  3.888386E+08
7.521800E-01  3.888664E+08
7.533700E-01  3.889220E+08
7.545600E-01  3.889498E+08
7.557400E-01  3.889776E+08
7.569300E-01  3.890054E+08
7.581200E-01  3.890332E+08
7.593100E-01  3.890610E+08
7.605000E-01  3.890610E+08
7.616900E-01  3.890888E+08
7.628700E-01  3.890888E+08
7.640600E-01  3.890888E+08
7.652500E-01  3.890610E+08
7.664400E-01  3.890610E+08
7.676300E-01  3.890610E+08
7.688200E-01  3.890332E+08
7.700000E-01  3.890054E+08
7.711900E-01  3.889776E+08
7.723800E-01  3.889776E+08
7.735700E-01  3.889498E+08
7.747600E-01  3.888942E+08
7.759400E-01  3.888386E+08
7.771300E-01  3.887830E+08
7.783200E-01  3.887552E+08
7.795100E-01  3.886996E+08
7.807000E-01  3.886162E+08
7.818900E-01  3.885606E+08
7.830700E-01  3.885050E+08
7.842600E-01  3.884216E+08
7.854500E-01  3.883660E+08
7.866400E-01  3.882548E+08
7.878300E-01  3.881714E+08
7.890100E-01  3.880880E+08
7.902000E-01  3.879768E+08
7.913900E-01  3.878934E+08
7.925800E-01  3.877822E+08
7.937700E-01  3.876710E+08
7.949600E-01  3.875598E+08
7.961400E-01  3.874486E+08
7.973300E-01  3.873374E+08
7.985200E-01  3.871984E+08
7.997100E-01  3.870872E+08
8.009000E-01  3.869482E+08
8.020800E-01  3.868092E+08
8.032700E-01  3.866702E+08
8.044600E-01  3.865312E+08
8.056500E-01  3.863644E+08
8.068400E-01  3.861976E+08
8.080300E-01  3.860308E+08
8.092100E-01  3.858918E+08
8.104000E-01  3.856972E+08
8.115900E-01  3.855304E+08
8.127800E-01  3.853636E+08
8.139700E-01  3.851690E+08
8.151500E-01  3.850022E+08
8.163400E-01  3.848076E+08
8.175300E-01  3.845852E+08
8.187200E-01  3.843906E+08
8.199100E-01  3.841960E+08
8.211000E-01  3.839736E+08
8.222800E-01  3.837512E+08
8.234700E-01  3.835288E+08
8.246600E-01  3.833064E+08
8.258500E-01  3.830840E+08
8.270400E-01  3.828616E+08
8.282200E-01  3.826114E+08
8.294100E-01  3.823890E+08
8.306000E-01  3.821388E+08
8.317900E-01  3.818886E+08
8.329800E-01  3.816384E+08
8.341700E-01  3.813882E+08
8.353500E-01  3.811102E+08
8.365400E-01  3.808600E+08
8.377300E-01  3.805820E+08
8.389200E-01  3.803040E+08
8.401100E-01  3.800260E+08
8.412900E-01  3.797202E+08
8.424800E-01  3.794144E+08
8.436700E-01  3.791364E+08
8.448600E-01  3.788306E+08
8.460500E-01  3.785248E+08
8.472400E-01  3.782190E+08
8.484200E-01  3.778854E+08
8.496100E-01  3.775796E+08
8.508000E-01  3.772738E+08
8.519900E-01  3.769402E+08
8.531800E-01  3.766066E+08
8.543600E-01  3.762730E+08
8.555500E-01  3.759394E+08
8.567400E-01  3.756058E+08
8.579300E-01  3.752444E+08
8.591200E-01  3.748830E+08
8.603100E-01  3.745216E+08
8.614900E-01  3.741602E+08
8.626800E-01  3.737988E+08
8.638700E-01  3.734096E+08
8.650600E-01  3.730204E+08
8.662500E-01  3.726312E+08
8.674400E-01  3.722698E+08
8.686200E-01  3.718806E+08
8.698100E-01  3.714636E+08
8.710000E-01  3.710744E+08
8.721900E-01  3.706574E+08
8.733800E-01  3.702404E+08
8.745600E-01  3.698512E+08
8.757500E-01  3.694342E+08
8.769400E-01  3.689894E+08
8.781300E-01  3.685446E+08
8.793200E-01  3.681276E+08
8.805100E-01  3.676828E+08
8.816900E-01  3.672380E+08
8.828800E-01  3.667932E+08
8.840700E-01  3.663484E+08
8.852600E-01  3.658758E+08
8.864500E-01  3.654310E+08
8.876300E-01  3.649862E+08
8.888200E-01  3.644858E+08
8.900100E-01  3.640132E+08
8.912000E-01  3.635406E+08
8.923900E-01  3.630680E+08
8.935800E-01  3.625676E+08
8.947600E-01  3.620672E+08
8.959500E-01  3.615668E+08
8.971400E-01  3.610386E+08
8.983300E-01  3.605382E+08
8.995200E-01  3.600378E+08
9.007000E-01  3.595096E+08
9.018900E-01  3.589814E+08
9.030800E-01  3.584532E+08
9.042700E-01  3.579250E+08
9.054600E-01  3.573968E+08
9.066500E-01  3.568408E+08
9.078300E-01  3.562848E+08
9.090200E-01  3.557288E+08
9.102100E-01  3.551728E+08
9.114000E-01  3.546168E+08
9.125900E-01  3.540608E+08
9.137700E-01  3.534770E+08
9.149600E-01  3.528932E+08
9.161500E-01  3.523372E+08
9.173400E-01  3.517534E+08
9.185300E-01  3.511696E+08
9.197200E-01  3.505580E+08
9.209000E-01  3.499464E+08
9.220900E-01  3.493626E+08
9.232800E-01  3.487510E+08
9.244700E-01  3.481394E+08
9.256600E-01  3.475000E+08
9.268400E-01  3.468884E+08
9.280300E-01  3.462768E+08
9.292200E-01  3.456374E+08
9.304100E-01  3.449980E+08
9.316000E-01  3.443308E+08
9.327900E-01  3.436914E+08
9.339700E-01  3.430520E+08
9.351600E-01  3.423848E+08
9.363500E-01  3.417176E+08
9.375400E-01  3.410504E+08
9.387300E-01  3.403832E+08
9.399100E-01  3.397160E+08
9.411000E-01  3.390210E+08
9.422900E-01  3.383260E+08
9.434800E-01  3.376310E+08
9.446700E-01  3.369360E+08
9.458600E-01  3.362410E+08
9.470400E-01  3.355460E+08
9.482300E-01  3.348232E+08
9.494200E-01  3.341004E+08
9.506100E-01  3.333776E+08
9.518000E-01  3.326548E+08
9.529800E-01  3.319320E+08
9.541700E-01  3.311814E+08
9.553600E-01  3.304308E+08
9.565500E-01  3.296802E+08
9.577400E-01  3.289296E+08
9.589300E-01  3.281790E+08
9.601100E-01  3.274284E+08
9.613000E-01  3.266500E+08
9.624900E-01  3.258716E+08
9.636800E-01  3.250932E+08
9.648700E-01  3.243148E+08
9.660600E-01  3.235086E+08
9.672400E-01  3.227302E+08
9.684300E-01  3.219240E+08
9.696200E-01  3.211178E+08
9.708100E-01  3.203116E+08
9.720000E-01  3.195054E+08
9.731800E-01  3.186714E+08
9.743700E-01  3.178374E+08
9.755600E-01  3.170312E+08
9.767500E-01  3.161972E+08
9.779400E-01  3.153632E+08
9.791300E-01  3.145014E+08
9.803100E-01  3.136674E+08
9.815000E-01  3.128056E+08
9.826900E-01  3.119716E+08
9.838800E-01  3.111098E+08
9.850700E-01  3.102202E+08
9.862500E-01  3.093584E+08
9.874400E-01  3.084688E+08
9.886300E-01  3.076070E+08
9.898200E-01  3.067174E+08
9.910100E-01  3.058000E+08
9.922000E-01  3.048826E+08
9.933800E-01  3.039930E+08
9.945700E-01  3.030756E+08
9.957600E-01  3.021582E+08
9.969500E-01  3.012408E+08
9.981400E-01  3.003234E+08
9.993200E-01  2.994060E+08
1.000500E+00  2.984608E+08
1.001700E+00  2.975156E+08
1.002900E+00  2.965704E+08
1.004100E+00  2.956252E+08
1.005300E+00  2.946522E+08
1.006500E+00  2.937070E+08
1.007600E+00  2.927340E+08
1.008800E+00  2.917332E+08
1.010000E+00  2.907602E+08
1.011200E+00  2.897594E+08
1.012400E+00  2.887864E+08
1.013600E+00  2.877856E+08
1.014800E+00  2.867848E+08
1.016000E+00  2.857562E+08
1.017100E+00  2.847554E+08
1.018300E+00  2.837546E+08
1.019500E+00  2.827260E+08
1.020700E+00  2.816418E+08
1.021900E+00  2.805854E+08
1.023100E+00  2.795290E+08
1.024300E+00  2.784726E+08
1.025500E+00  2.774134E+08
1.026700E+00  2.763431E+08
1.027800E+00  2.752700E+08
1.029000E+00  2.741997E+08
1.030200E+00  2.731294E+08
1.031400E+00  2.720508E+08
1.032600E+00  2.709527E+08
1.033800E+00  2.698518E+08
1.035000E+00  2.687509E+08
1.036200E+00  2.676528E+08
1.037300E+00  2.665464E+08
1.038500E+00  2.654149E+08
1.039700E+00  2.642835E+08
1.040900E+00  2.631520E+08
1.042100E+00  2.620233E+08
1.043300E+00  2.608863E+08
1.044500E+00  2.597243E+08
1.045700E+00  2.585622E+08
1.046900E+00  2.574002E+08
1.048000E+00  2.562409E+08
1.049200E+00  2.550761E+08
1.050400E+00  2.538807E+08
1.051600E+00  2.526881E+08
1.052800E+00  2.514955E+08
1.054000E+00  2.503001E+08
1.055200E+00  2.491047E+08
1.056400E+00  2.478787E+08
1.057500E+00  2.466527E+08
1.058700E+00  2.454267E+08
1.059900E+00  2.442008E+08
1.061100E+00  2.429748E+08
1.062300E+00  2.417127E+08
1.063500E+00  2.404533E+08
1.064700E+00  2.391912E+08
1.065900E+00  2.379319E+08
1.067100E+00  2.366725E+08
1.068200E+00  2.353770E+08
1.069400E+00  2.340816E+08
1.070600E+00  2.327861E+08
1.071800E+00  2.314878E+08
1.073000E+00  2.301923E+08
1.074200E+00  2.288635E+08
1.075400E+00  2.275319E+08
1.076600E+00  2.262003E+08
1.077700E+00  2.248659E+08
1.078900E+00  2.235342E+08
1.080100E+00  2.221693E+08
1.081300E+00  2.207987E+08
1.082500E+00  2.194282E+08
1.083700E+00  2.180576E+08
1.084900E+00  2.166871E+08
1.086100E+00  2.152832E+08
1.087300E+00  2.138710E+08
1.088400E+00  2.124615E+08
1.089600E+00  2.110493E+08
1.090800E+00  2.096398E+08
1.092000E+00  2.081942E+08
1.093200E+00  2.067430E+08
1.094400E+00  2.052891E+08
1.095600E+00  2.038352E+08
1.096800E+00  2.023812E+08
1.097900E+00  2.008967E+08
1.099100E+00  1.993983E+08
1.100300E+00  1.978999E+08
1.101500E+00  1.964014E+08
1.102700E+00  1.949058E+08
1.103900E+00  1.933740E+08
1.105100E+00  1.918283E+08
1.106300E+00  1.902799E+08
1.107500E+00  1.887342E+08
1.108600E+00  1.871857E+08
1.109800E+00  1.856095E+08
1.111000E+00  1.840110E+08
1.112200E+00  1.824125E+08
1.113400E+00  1.808140E+08
1.114600E+00  1.792155E+08
1.115800E+00  1.775864E+08
1.117000E+00  1.759323E+08
1.118100E+00  1.742782E+08
1.119300E+00  1.726241E+08
1.120500E+00  1.709700E+08
1.121700E+00  1.692853E+08
1.122900E+00  1.675701E+08
1.124100E+00  1.658548E+08
1.125300E+00  1.641395E+08
1.126500E+00  1.624243E+08
1.127600E+00  1.606757E+08
1.128800E+00  1.588937E+08
1.130000E+00  1.571117E+08
1.131200E+00  1.553269E+08
1.132400E+00  1.535450E+08
1.133600E+00  1.517296E+08
1.134800E+00  1.498698E+08
1.136000E+00  1.480128E+08
1.137200E+00  1.461529E+08
1.138300E+00  1.442931E+08
1.139500E+00  1.423916E+08
1.140700E+00  1.404150E+08
1.141900E+00  1.384384E+08
1.143100E+00  1.364619E+08
1.144300E+00  1.344825E+08
1.145500E+00  1.324809E+08
1.146700E+00  1.304376E+08
1.147800E+00  1.283943E+08
1.149000E+00  1.263510E+08
1.150200E+00  1.243077E+08
1.151400E+00  1.222255E+08
1.152600E+00  1.200682E+08
1.153800E+00  1.179081E+08
1.155000E+00  1.157509E+08
1.156200E+00  1.135936E+08
1.157400E+00  1.113946E+08
1.158500E+00  1.090983E+08
1.159700E+00  1.067993E+08
1.160900E+00  1.045030E+08
1.162100E+00  1.022067E+08
1.163300E+00  9.986872E+07
1.164500E+00  9.740008E+07
1.165700E+00  9.493144E+07
1.166900E+00  9.246558E+07
1.168000E+00  8.999694E+07
1.169200E+00  8.748660E+07
1.170400E+00  8.479834E+07
1.171600E+00  8.211286E+07
1.172800E+00  7.942460E+07
1.174000E+00  7.673912E+07
1.175200E+00  7.400638E+07
1.176400E+00  7.102344E+07
1.177600E+00  6.804050E+07
1.178700E+00  6.505756E+07
1.179900E+00  6.207462E+07
1.181100E+00  5.904998E+07
1.182300E+00  5.563892E+07
1.183500E+00  5.222508E+07
1.184700E+00  4.881402E+07
1.185900E+00  4.540018E+07
1.187100E+00  4.195576E+07
1.188200E+00  3.785804E+07
1.189400E+00  3.375754E+07
1.190600E+00  2.965982E+07
1.191800E+00  2.556182E+07
1.193000E+00  2.146355E+07
