# (E [MeV])  (Flux [1/MeV/cm^2/s]
1.000000E-01  2.019804E-03
1.023293E-01  2.160121E-03
1.047129E-01  2.310055E-03
1.071519E-01  2.470251E-03
1.096478E-01  2.641400E-03
1.122018E-01  2.824233E-03
1.148154E-01  3.019533E-03
1.174898E-01  3.228131E-03
1.202264E-01  3.450913E-03
1.230269E-01  3.688823E-03
1.258925E-01  3.942862E-03
1.288250E-01  4.214100E-03
1.318257E-01  4.503671E-03
1.348963E-01  4.812785E-03
1.380384E-01  5.142727E-03
1.412538E-01  5.494862E-03
1.445440E-01  5.870644E-03
1.479108E-01  6.271616E-03
1.513561E-01  6.699418E-03
1.548817E-01  7.155794E-03
1.584893E-01  7.642594E-03
1.621810E-01  8.161784E-03
1.659587E-01  8.715450E-03
1.698244E-01  9.305807E-03
1.737801E-01  9.935205E-03
1.778279E-01  1.060614E-02
1.819701E-01  1.132124E-02
1.862087E-01  1.208333E-02
1.905461E-01  1.289537E-02
1.949845E-01  1.376051E-02
1.995262E-01  1.468208E-02
2.041738E-01  1.566362E-02
2.089296E-01  1.670886E-02
2.137962E-01  1.782175E-02
2.187762E-01  1.900650E-02
2.238721E-01  2.026751E-02
2.290868E-01  2.160948E-02
2.344229E-01  2.303734E-02
2.398833E-01  2.455633E-02
2.454709E-01  2.617196E-02
2.511886E-01  2.789005E-02
2.570396E-01  2.971676E-02
2.630268E-01  3.165857E-02
2.691535E-01  3.372232E-02
2.754229E-01  3.591520E-02
2.818383E-01  3.824481E-02
2.884032E-01  4.071914E-02
2.951209E-01  4.334659E-02
3.019952E-01  4.613602E-02
3.090295E-01  4.909673E-02
3.162278E-01  5.223848E-02
3.235937E-01  5.557155E-02
3.311311E-01  5.910671E-02
3.388442E-01  6.285525E-02
3.467369E-01  6.682903E-02
3.548134E-01  7.104048E-02
3.630781E-01  7.550258E-02
3.715352E-01  8.022896E-02
3.801894E-01  8.523383E-02
3.890451E-01  9.053208E-02
3.981072E-01  9.613924E-02
4.073803E-01  1.020715E-01
4.168694E-01  1.083458E-01
4.265795E-01  1.149797E-01
4.365158E-01  1.219916E-01
4.466836E-01  1.294006E-01
4.570882E-01  1.372264E-01
4.677351E-01  1.454896E-01
4.786301E-01  1.542117E-01
4.897788E-01  1.634146E-01
5.011872E-01  1.731215E-01
5.128614E-01  1.833559E-01
5.248075E-01  1.941423E-01
5.370318E-01  2.055060E-01
5.495409E-01  2.174731E-01
5.623413E-01  2.300704E-01
5.754399E-01  2.433253E-01
5.888437E-01  2.572662E-01
6.025596E-01  2.719222E-01
6.165950E-01  2.873229E-01
6.309573E-01  3.034987E-01
6.456542E-01  3.204804E-01
6.606934E-01  3.382998E-01
6.760830E-01  3.569888E-01
6.918310E-01  3.765800E-01
7.079458E-01  3.971064E-01
7.244360E-01  4.186012E-01
7.413102E-01  4.410980E-01
7.585776E-01  4.646305E-01
7.762471E-01  4.892326E-01
7.943282E-01  5.149381E-01
8.128305E-01  5.417807E-01
8.317638E-01  5.697938E-01
8.511380E-01  5.990106E-01
8.709636E-01  6.294637E-01
8.912509E-01  6.611851E-01
9.120108E-01  6.942059E-01
9.332543E-01  7.285565E-01
9.549926E-01  7.642660E-01
9.772372E-01  8.013622E-01
1.000000E+00  8.398715E-01
1.023293E+00  8.798188E-01
1.047129E+00  9.212267E-01
1.071519E+00  9.641161E-01
1.096478E+00  1.008506E+00
1.122018E+00  1.054411E+00
1.148154E+00  1.101846E+00
1.174898E+00  1.150821E+00
1.202264E+00  1.201343E+00
1.230269E+00  1.253416E+00
1.258925E+00  1.307039E+00
1.288250E+00  1.362210E+00
1.318257E+00  1.418921E+00
1.348963E+00  1.477160E+00
1.380384E+00  1.536910E+00
1.412538E+00  1.598150E+00
1.445440E+00  1.660854E+00
1.479108E+00  1.724991E+00
1.513561E+00  1.790525E+00
1.548817E+00  1.857413E+00
1.584893E+00  1.925609E+00
1.621810E+00  1.995059E+00
1.659587E+00  2.065704E+00
1.698244E+00  2.137481E+00
1.737801E+00  2.210318E+00
1.778279E+00  2.284139E+00
1.819701E+00  2.358861E+00
1.862087E+00  2.434396E+00
1.905461E+00  2.510650E+00
1.949845E+00  2.587523E+00
1.995262E+00  2.664909E+00
2.041738E+00  2.742697E+00
2.089296E+00  2.820770E+00
2.137962E+00  2.899006E+00
2.187762E+00  2.977279E+00
2.238721E+00  3.055457E+00
2.290868E+00  3.133404E+00
2.344229E+00  3.210980E+00
2.398833E+00  3.288042E+00
2.454709E+00  3.364443E+00
2.511886E+00  3.440031E+00
2.570396E+00  3.514656E+00
2.630268E+00  3.588161E+00
2.691535E+00  3.660391E+00
2.754229E+00  3.731187E+00
2.818383E+00  3.800391E+00
2.884032E+00  3.867845E+00
2.951209E+00  3.933389E+00
3.019952E+00  3.996865E+00
3.090295E+00  4.058117E+00
3.162278E+00  4.116990E+00
3.235937E+00  4.173330E+00
3.311311E+00  4.226987E+00
3.388442E+00  4.277815E+00
3.467369E+00  4.325668E+00
3.548134E+00  4.370409E+00
3.630781E+00  4.411901E+00
3.715352E+00  4.450015E+00
3.801894E+00  4.484627E+00
3.890451E+00  4.515618E+00
3.981072E+00  4.542875E+00
4.073803E+00  4.566294E+00
4.168694E+00  4.585777E+00
4.265795E+00  4.601232E+00
4.365158E+00  4.612577E+00
4.466836E+00  4.619739E+00
4.570882E+00  4.622652E+00
4.677351E+00  4.621261E+00
4.786301E+00  4.615518E+00
4.897788E+00  4.605389E+00
5.011872E+00  4.590848E+00
5.128614E+00  4.571879E+00
5.248075E+00  4.548478E+00
5.370318E+00  4.520653E+00
5.495409E+00  4.488424E+00
5.623413E+00  4.451821E+00
5.754399E+00  4.410888E+00
5.888437E+00  4.365681E+00
6.025596E+00  4.316269E+00
6.165950E+00  4.262731E+00
6.309573E+00  4.205163E+00
6.456542E+00  4.143670E+00
6.606934E+00  4.078373E+00
6.760830E+00  4.009403E+00
6.918310E+00  3.936904E+00
7.079458E+00  3.861032E+00
7.244360E+00  3.781956E+00
7.413102E+00  3.699854E+00
7.585776E+00  3.614917E+00
7.762471E+00  3.527345E+00
7.943282E+00  3.437347E+00
8.128305E+00  3.345142E+00
8.317638E+00  3.250954E+00
8.511380E+00  3.155018E+00
8.709636E+00  3.057572E+00
8.912509E+00  2.958859E+00
9.120108E+00  2.859126E+00
9.332543E+00  2.758623E+00
9.549926E+00  2.657600E+00
9.772372E+00  2.556309E+00
1.000000E+01  2.455000E+00
1.023293E+01  2.353918E+00
1.047129E+01  2.253308E+00
1.071519E+01  2.153407E+00
1.096478E+01  2.054448E+00
1.122018E+01  1.956655E+00
1.148154E+01  1.860243E+00
1.174898E+01  1.765419E+00
1.202264E+01  1.672377E+00
1.230269E+01  1.581302E+00
1.258925E+01  1.492365E+00
1.288250E+01  1.405721E+00
1.318257E+01  1.321517E+00
1.348963E+01  1.239879E+00
1.380384E+01  1.160923E+00
1.412538E+01  1.084747E+00
1.445440E+01  1.011435E+00
1.479108E+01  9.410545E-01
1.513561E+01  8.736575E-01
1.548817E+01  8.092813E-01
1.584893E+01  7.479479E-01
1.621810E+01  6.896645E-01
1.659587E+01  6.344244E-01
1.698244E+01  5.822074E-01
1.737801E+01  5.329802E-01
1.778279E+01  4.866976E-01
1.819701E+01  4.433032E-01
1.862087E+01  4.027302E-01
1.905461E+01  3.649024E-01
1.949845E+01  3.297353E-01
1.995262E+01  2.971370E-01
2.041738E+01  2.670093E-01
2.089296E+01  2.392485E-01
2.137962E+01  2.137469E-01
2.187762E+01  1.903933E-01
2.238721E+01  1.690743E-01
2.290868E+01  1.496752E-01
2.344229E+01  1.320808E-01
2.398833E+01  1.161764E-01
2.454709E+01  1.018483E-01
2.511886E+01  8.898500E-02
2.570396E+01  7.747730E-02
2.630268E+01  6.721932E-02
2.691535E+01  5.810880E-02
2.754229E+01  5.004758E-02
2.818383E+01  4.294197E-02
2.884032E+01  3.670302E-02
2.951209E+01  3.124676E-02
3.019952E+01  2.649432E-02
3.090295E+01  2.237203E-02
3.162278E+01  1.881145E-02
3.235937E+01  1.574929E-02
3.311311E+01  1.312741E-02
3.388442E+01  1.089262E-02
3.467369E+01  8.996530E-03
3.548134E+01  7.395392E-03
3.630781E+01  6.049830E-03
3.715352E+01  4.924612E-03
3.801894E+01  3.988392E-03
3.890451E+01  3.213433E-03
3.981072E+01  2.575335E-03
4.073803E+01  2.052757E-03
4.168694E+01  1.627142E-03
4.265795E+01  1.282453E-03
4.365158E+01  1.004910E-03
4.466836E+01  7.827509E-04
4.570882E+01  6.059969E-04
4.677351E+01  4.662357E-04
4.786301E+01  3.564228E-04
4.897788E+01  2.706983E-04
5.011872E+01  2.042204E-04
5.128614E+01  1.530166E-04
5.248075E+01  1.138503E-04
5.370318E+01  8.410361E-05
5.495409E+01  6.167478E-05
5.623413E+01  4.488886E-05
5.754399E+01  3.242136E-05
5.888437E+01  2.323314E-05
6.025596E+01  1.651538E-05
6.165950E+01  1.164373E-05
6.309573E+01  8.140192E-06
6.456542E+01  5.641972E-06
6.606934E+01  3.876087E-06
6.760830E+01  2.638960E-06
6.918310E+01  1.780153E-06
7.079458E+01  1.189523E-06
7.244360E+01  7.871977E-07
7.413102E+01  5.158119E-07
7.585776E+01  3.345760E-07
7.762471E+01  2.147784E-07
7.943282E+01  1.364185E-07
8.128305E+01  8.571054E-08
8.317638E+01  5.325521E-08
8.511380E+01  3.271471E-08
8.709636E+01  1.986370E-08
8.912509E+01  1.191774E-08
9.120108E+01  7.063520E-09
9.332543E+01  4.134436E-09
9.549926E+01  2.389186E-09
9.772372E+01  1.362667E-09
1.000000E+02  7.668321E-10
