# E_R [keV]  \xi_T*d_E/dx_T [keV/Å]  x_T [Å]
0.0011	0.000022564083064814876	2.503951809447533
0.0012	0.000023233410452299237	2.8119158100299835
0.0013000000000000002	0.000024045057979017117	3.1100464173435354
0.0014	0.000024821477748498973	3.398391877808538
0.0015	0.00002555632876444233	3.6780850502369518
0.0016	0.00002625665657829439	3.9500328660393302
0.0017	0.00002692387030034459	4.214989535547783
0.0018000000000000002	0.000027565015482040134	4.473586839532235
0.002	0.000028778259441248627	4.973724525084452
0.0022500000000000003	0.00003016764218663722	5.571248574935671
0.00249999	0.00003144570521915998	6.142902829598162
0.00274999	0.00003262794875200078	6.692643215196154
0.00299999	0.000033734100329211775	7.223436609785879
0.00324999	0.00003476979639195074	7.737636625808142
0.00349999	0.00003574208249166486	8.237197889272508
0.00374999	0.000036658004179801355	8.723743184896438
0.00399999	0.00003753869811070182	9.198511944808015
0.004499990000000001	0.00003915917494355869	10.116922090753029
0.00499999	0.0000406387407474715	10.999707153007577
0.005499990000000001	0.00004199853217678183	11.852183914516889
0.00599999	0.00004325968588583131	12.678468530730772
0.006499990000000001	0.00004442924742606714	13.48186879055606
0.00699999	0.000045535399003278134	14.264960398087435
0.00799999	0.000047543381165731216	15.778428061106077
0.008999990000000001	0.0000493540878876626	17.232358538457696
0.00999999	0.00005098865582341388	18.63641028140547
0.0109999	0.00005248231273022108	19.99794536907316
0.0119999	0.00005386324081387302	21.322822751558572
0.0129999	0.00005513848562581691	22.61543497210058
0.013999900000000001	0.000056329183820394353	23.879479155303503
0.0149999	0.00005744942650049975	25.11785176528334
0.0159999	0.00005849216811468592	26.333129761708772
0.016999900000000002	0.00005947854531729445	27.527532078157492
0.0179999	0.00006042264921121977	28.70270635746093
0.0199999	0.00006214880931578469	31.001356857895704
0.0224999	0.00006410747261810734	33.79096159540724
0.024999900000000002	0.0000658547693770139	36.50110286032376
0.0274999	0.00006744706400408195	39.14345746668496
0.0299999	0.00006890549315365313	41.72674539948474
0.0324999	0.00007025119348006906	44.25803194712489
0.0349999	0.00007150530163767134	46.74292893587027
0.037499899999999996	0.00007267486317790716	49.186068783110436
0.0399999	0.00007376692365222375	51.59150142388166
0.044999899999999995	0.00007577490581467682	56.30204079607155
0.0499999	0.000077578566985161	60.895659385919274
0.0549999	0.00007922018047235949	65.38848917729013
0.059999899999999995	0.0000807279284820611	69.79295197362214
0.0649999	0.00008212294766860744	74.1189721462453
0.0699999	0.00008341932913489295	78.37472157081642
0.0799999	0.00008579367997260062	86.70046075302861
0.0899999	0.00008792143650965617	94.81078240318737
0.0999999	0.00008985896315763723	102.73594197575214
0.11	0.00009164148767377979	110.49898852563075
0.12	0.00009331128336676708	118.1172032473651
0.13	0.00009487539578804633	125.60457762670737
0.13999899999999998	0.00009635496159195911	132.9721439124011
0.149999	0.00009776407188139989	140.23085494499762
0.159999	0.0000991097722078158	147.38803116021765
0.169999	0.0001003991081226541	154.45073354800334
0.179999	0.00010164617072880918	161.42481420009895
0.199999	0.00010402052156651685	175.1265554286803
0.224999	0.00010679646883671515	191.83508705496743
0.249999	0.00010940332287218055	208.12804925934094
0.27499900000000005	0.00011187631143014907	224.0473357101842
0.299999	0.00011425066226785676	239.62552629553028
0.32499900000000004	0.0001165263753853036	254.88974001979972
0.349999	0.00011869640523104236	269.86571687759175
0.374999	0.00012082416176809791	284.5733198147276
0.39999900000000005	0.00012291669054791742	299.0261606753403
0.44999900000000004	0.00012689742711558756	327.22732033757256
0.499999	0.00013070202489707763	354.576869370594
0.549999	0.00013431639278949317	381.16147568415545
0.5999990000000001	0.0001378603051674367	407.0467093001148
0.649999	0.00014119989655341127	432.29369044288126
0.699999	0.00014452539683649149	456.9525627360699
0.799999	0.0001508452564846333	504.65648318018
0.899999	0.00015691147628067576	550.4414898240934
0.9999990000000001	0.00016263246405580524	594.5379065199103
1.1	0.000168191404147649	637.1326110430405
1.2	0.00017356715990186553	678.3633502786687
1.3	0.00017874564021556032	718.3590973939747
1.4	0.00018379025505175822	757.2271848815308
1.5	0.00018867986775611767	795.0582923708511
1.6	0.00019342152388008581	831.9361737480376
1.7	0.00019807158783524033	867.9296424024237
1.8	0.000202623014070134	903.0962478694767
2.	0.00021134540676177229	971.1690365888987
2.25	0.0002203214393055099	1052.7463634151486
2.5	0.00022882541990228492	1131.1760332307379
2.75	0.00023695598627235806	1206.8058946089955
3.	0.00024476950282730707	1279.9331019419487
3.25	0.0002523082428758152	1350.802471770254
3.5	0.0002596356163809071	1419.6141157579518
3.75	0.00026674457779113576	1486.5379570372752
4.	0.0002736210360036066	1551.7297267506144
4.5	0.00028686667272434974	1677.434414103832
5.	0.00029961207529234147	1797.568999751304
5.5	0.0003118361070532401	1912.7969191009608
6.	0.0003236444512787536	2023.6681752342474
6.5	0.00033510051793190696	2130.623395399415
7.	0.00034619021590980573	2234.0383498609226
8.	0.0003673761891115476	2431.513223320287
9.	0.00038743487408173676	2618.1952787160976
10.	0.0004064014985776094	2795.696848945881
11.	0.0004243887914223207	2965.301830183458
12.	0.00044145382158259294	3128.041499311748
13.	0.0004577945690540927	3284.7352337649454
14.	0.0004733314191054665	3436.0633233845733
15.	0.00048819823721421134	3582.6076075569413
16.	0.0005024591378984965	3724.8428154666435
17.	0.0005161105983825986	3863.1793179557476
18.	0.0005291490958907939	3997.9834470684245
20.	0.0005536570465998924	4258.221367933781
22.5	0.0005816032264152261	4568.461418713101
25.	0.0006069355066436474	4864.795820748822
27.5	0.0006297792981009163	5149.588749372459
30.	0.0006504770145873669	5424.701255710425
32.5	0.0006692322725398235	5691.591758113504
35.	0.0006861796419909274	5951.4530299714115
37.5	0.0007013853511242827	6205.294035775478
40.	0.0007149867881931095	6453.975255542974
45.	0.0007380031956608349	6938.636638521137
50.	0.0007568324319034871	7409.749096990048
55.	0.0007707607825594643	7870.769686313722
60.	0.00078119031236676	8324.603269686879
65.	0.0007888199400289371	8773.21494716489
70.	0.0007929422921806959	9218.504429742692
80.	0.0007955850785285422	10104.908427806124
90.	0.000791922096331141	10991.97965549063
100.	0.0007826473324060418	11886.476436188881
110.	0.0007698688157462482	12793.888489638517
120.	0.0007556952798999084	13717.403712918867
130.	0.0007394200560568676	14659.770074942753
140.	0.0007224487317308431	15623.666469048143
150.	0.0007051328799390505	16610.760561105733
160.	0.0006878931201028875	17622.37625567761
170.	0.0006708703632512982	18659.524902709316
180.	0.0006542745668174098	19723.00543863776
200.	0.0006226428590400435	21931.160497103418
225.	0.0005863603827523783	24847.300136187703
250.	0.0005538243079912489	27939.438023975235
275.	0.0005248203090816319	31207.847992366293
300.	0.0004989939243302183	34651.03558942519
325.	0.00047577995959991327	38267.2101637154
350.	0.00045496592105906945	42054.220356429745
375.	0.0004361283006101951	46009.533801612284
400.	0.00041912548266920155	50130.405342344675
450.	0.000389354223206984	58858.413792993524
500.	0.00036431066967686915	68218.78759158756
550.	0.0003427953169449706	78193.42093889586
600.	0.0003242431117852225	88765.47730568572
650.	0.0003079486535867309	99918.81280946163
700.	0.0002936294861919773	111638.61844450302
800.	0.0002694356966219097	136720.17628139496
900.	0.0002499681334181409	163897.94354978218
1000.	0.0002339569768433413	193055.24911958774