# E_R [keV]  \xi_T*d_E/dx_T [keV/Å]  x_T [Å]
0.0011	0.0001691063077475862	1.5471427106706945
0.0012	0.00017889723569339795	1.6676843886609736
0.0013000000000000002	0.00018881395714600812	1.7817407985844111
0.0014	0.00019844345009142848	1.890028499586832
0.0015	0.00020785070784150498	1.9932415047603755
0.0016	0.00021703573039623758	2.091938244620333
0.0017	0.0002261033456779583	2.1865663020948087
0.0018000000000000002	0.00023482712537442995	2.277538957640056
0.002	0.00025182811781823873	2.4499207338833062
0.0022500000000000003	0.00027230101104968446	2.6499710719431437
0.00249999	0.0002918933497335411	2.8357970121850538
0.00274999	0.0003108210793898127	3.0097487301760055
0.00299999	0.0003290904896938391	3.1735859289219923
0.00324999	0.0003469133330487311	3.3286708561726
0.00349999	0.0003640820501682712	3.4761188557531835
0.00374999	0.00038081049001401665	3.6168576079594335
0.00399999	0.00039710074914441437	3.7516210697068426
0.004499990000000001	0.00042858267077917	4.005594342743886
0.00499999	0.00045895760955409943	4.241849695536134
0.005499990000000001	0.0004878167365721075	4.4633137976082695
0.00599999	0.0005157953090425267	4.672238486354243
0.006499990000000001	0.0005428828441731236	4.870289909017218
0.00699999	0.0005691107903405978	5.058842499064019
0.00799999	0.00061938626189104	5.411727339662668
0.008999990000000001	0.0006672506912278456	5.737678258371663
0.00999999	0.0007129346997801447	6.041521780895508
0.0109999	0.0007566689089770683	6.326846676696993
0.0119999	0.0007988516649234777	6.59642937023663
0.0129999	0.0008393362085281081	6.8524052975155545
0.013999900000000001	0.0008786886105715527	7.096488069089134
0.0149999	0.0009169717678072105	7.330011705771018
0.0159999	0.000953955058805951	7.554139102671548
0.016999900000000002	0.000990078760841569	7.769839209920138
0.0179999	0.0010253009427451316	7.977900674069358
0.0199999	0.001092977849402691	8.373817683780722
0.0224999	0.001173590521676023	8.836367042743143
0.024999900000000002	0.00125032456082307	9.268878497716896
0.0274999	0.0013237670032088908	9.676145742804762
0.0299999	0.0013940017111713518	10.061875857988237
0.0324999	0.0014616157210755121	10.428984505911997
0.0349999	0.0015268396543505023	10.779772177456092
0.037499899999999996	0.0015899250980099186	11.116116847888692
0.0399999	0.0016510397767294928	11.439570144816553
0.044999899999999995	0.0017678809789607747	12.052829882078123
0.0499999	0.0018786631272812654	12.627800327071359
0.0549999	0.0019840571203938897	13.170586008254805
0.059999899999999995	0.002084901581677304	13.685850499989503
0.0649999	0.002181028786455776	14.177322667753163
0.0699999	0.00227388536005749	14.647952850997935
0.0799999	0.002450960686460757	15.535451986414646
0.0899999	0.0026151421784171842	16.36315756784513
0.0999999	0.0027727614424356262	17.141418591695018
0.11	0.0029196882583762025	17.87801430302677
0.12	0.0030601157431321907	18.579229732457584
0.13	0.0031940858278725268	19.249683894282576
0.13999899999999998	0.0033237160366283167	19.89294897256661
0.149999	0.0034469307765373864	20.512243558113283
0.159999	0.0035658266060463756	21.11016646889504
0.169999	0.0036804035251552865	21.6888332617657
0.179999	0.00379280002347969	22.24992537357422
0.199999	0.004004741116850591	23.325197504383958
0.224999	0.004251401218097861	24.59483780873018
0.249999	0.004485062656975958	25.794692872210028
0.27499900000000005	0.004703691771791643	26.935447853363048
0.299999	0.004909448017744954	28.025875732592446
0.32499900000000004	0.00510654547731364	29.07244736283729
0.349999	0.005292908557635524	30.080412816445424
0.374999	0.005470675748326183	31.054300452856
0.39999900000000005	0.005641964573416722	31.99760509677473
0.44999900000000004	0.005965170023550841	33.80367010863521
0.499999	0.0062626297359602125	35.51808922533625
0.549999	0.006542834772353734	37.15522091337062
0.5999990000000001	0.0068058480294848	38.72571728942271
0.649999	0.007053661237877721	40.23834589579666
0.699999	0.007288685439746134	41.70006391818905
0.799999	0.007724350284958056	44.49249798968922
0.899999	0.008121228798907129	47.1382999238021
0.9999990000000001	0.008485820312777934	49.66287150148044
1.1	0.008824624157755059	52.084930224383555
1.2	0.00913952723644048	54.41886198771592
1.3	0.00943535163326147	56.67609406027151
1.4	0.009713564939130684	58.865679508433324
1.5	0.009976892680028746	60.99505352748358
1.6	0.010225125200110995	63.07051233656155
1.7	0.010460568713668737	65.09746595589148
1.8	0.010684900467459287	67.08035962186003
2.	0.011103792845098081	70.92862756413292
2.25	0.011580759891708824	75.54873724425028
2.5	0.012010554373270152	79.99143519562172
2.75	0.01240533632877258	84.284225860204
3.	0.01276594438159477	88.44826256853288
3.25	0.01310034545383395	92.50054637193372
3.5	0.013412942318228068	96.45395502937609
3.75	0.013702057728019808	100.31966237442805
4.	0.01397356204685977	104.10713841085276
4.5	0.014471075366247591	111.47600766733053
5.	0.01491219126342078	118.60977876992453
5.5	0.015312004959195146	125.54533667738339
6.	0.015672822667862	132.31077544981758
6.5	0.01600282096736323	138.92886012474935
7.	0.016306821942126126	145.41716095990063
8.	0.0168424926252428	158.06192871077462
9.	0.017306041697795045	170.33779816431624
10.	0.01771025816630736	182.31002246740064
11.	0.018066253790546938	194.02831216293364
12.	0.01838241480430034	205.53085204270738
13.	0.018665450194596825	216.84760981980702
14.	0.018919972390019	228.0026432786044
15.	0.01914765863732417	239.0165614615657
16.	0.019355427579386256	249.90611743114428
17.	0.0195453757746519	260.68437353527395
18.	0.019717293567276428	271.36334525436973
20.	0.020018988327748014	292.46420903747105
22.5	0.020330327257074145	318.4376984968485
25.	0.02058296254989434	344.0546696348955
27.5	0.02079219908286908	369.3866578585937
30.	0.020962858940425624	394.48891072323386
32.5	0.02110563457064185	419.4046565771539
35.	0.021220735629362424	444.16903344028384
37.5	0.02131717731790789	468.8106739094761
40.	0.021394749980433597	493.3520687232954
45.	0.02150712551317353	542.2109057245982
50.	0.021573796071776702	590.8691933159656
55.	0.02160817963030161	639.4153477712276
60.	0.021615517584864852	687.9157953141852
65.	0.02160293823418501	736.4232820575421
70.	0.021575682974378677	784.9762583250368
80.	0.021487627519619773	882.3325272452644
90.	0.02136812368816126	980.1661798928924
100.	0.02123184738912962	1078.591309400484
110.	0.021085088297864773	1177.6878727999824
120.	0.020988646609319303	1277.3848105637314
130.	0.021022191544465555	1377.2005938965526
140.	0.02095300511572641	1477.063377054724
150.	0.020823018492034696	1577.4157722031214
160.	0.020657390374750086	1678.4914984758202
170.	0.02047079667299907	1780.4385248196631
180.	0.02027581673746149	1883.3445623841833
200.	0.019892146541726257	2092.155542470955
225.	0.019453965826378365	2358.652473417719
250.	0.01907868186442969	2630.7872089553002
275.	0.01877048777277352	2907.8349007678776
300.	0.018525190434516565	3188.9839635236067
325.	0.018332307057425633	3473.4653968465745
350.	0.01818764452460743	3760.564720264331
375.	0.018078623485382115	4049.660915832343
400.	0.01800105082285641	4340.246408459641
450.	0.01792347816033071	4924.095740607045
500.	0.017919285043437427	5509.196170361937
550.	0.017965409329263524	6093.561806544594
600.	0.018047175108682506	6675.821394120987
650.	0.01815619614790782	7254.990501159416
700.	0.0182840862131529	7830.376516579171
800.	0.018575507837235942	8968.220654768622
900.	0.018906764071805162	10087.110085202368
1000.	0.019265275566180712	11185.72160157441