# E_R [keV]  \xi_T*d_E/dx_T [keV/Å]  x_T [Å]
0.0011	0.0005337382601549661	1.2464076378893498
0.0012	0.0005609103897628553	1.3608592585299946
0.0013000000000000002	0.0005892094740549427	1.4697558379882296
0.0014	0.0006165569077248181	1.5736095588624712
0.0015	0.0006430841688189718	1.6730205884538167
0.0016	0.0006688037790561166	1.7684722043057055
0.0017	0.0006938973033575958	1.8603632185498524
0.0018000000000000002	0.0007181330899272132	1.9490432966052524
0.002	0.0007652022305705567	2.1179111647402946
0.0022500000000000003	0.0008216751819675981	2.3152026583969123
0.00249999	0.0008747672693120451	2.499735205856881
0.00274999	0.0009257932730687955	2.673602596035744
0.00299999	0.0009741897158957503	2.838369732775461
0.00324999	0.0010211461610706738	2.9952639134639005
0.00349999	0.0010661617398450341	3.145245533257448
0.00374999	0.0011104260154965956	3.289073023511695
0.00399999	0.0011526868161540272	3.4273961801663484
0.004499990000000001	0.001233890162009862	3.689750798173068
0.00499999	0.0013103978633482042	3.9358349582836274
0.005499990000000001	0.001383524700633952	4.16825069947725
0.00599999	0.0014533332824606718	4.388953238636336
0.006499990000000001	0.0015204496947640294	4.599495721217833
0.00699999	0.001585437414886124	4.801080566759882
0.00799999	0.0017075867809344919	5.181327347727076
0.008999990000000001	0.0018223483329420055	5.53606381450711
0.00999999	0.0019304107654378967	5.869729407692162
0.0109999	0.002032525381544964	6.18567050954073
0.0119999	0.0021298817445409724	6.486501300808141
0.0129999	0.0022232311575487206	6.774151373688171
0.013999900000000001	0.0023126362291617754	7.050210041372416
0.0149999	0.0023986604367222356	7.315988818991402
0.0159999	0.002481366388823668	7.572578233066807
0.016999900000000002	0.002561380171401738	7.820888461542276
0.0179999	0.002638701784456446	8.061684763921697
0.0199999	0.002786145022305706	8.523313779152426
0.0224999	0.002958569088988026	9.068210508179277
0.024999900000000002	0.003120287086170463	9.583156783396808
0.0274999	0.0032721129255693826	10.072845709094564
0.0299999	0.003415924864991783	10.540892387792482
0.0324999	0.0035524115989668936	10.990114482536594
0.0349999	0.003682887907959616	11.422762489237895
0.037499899999999996	0.0038074164005635134	11.840679211140973
0.0399999	0.003926560554120686	12.24543072525695
0.044999899999999995	0.004151638447992487	13.020391781390424
0.0499999	0.004360751150504815	13.755823879466156
0.0549999	0.004555902136651797	14.457923493367893
0.059999899999999995	0.004739720967363231	15.131410044138201
0.0649999	0.004913522423104015	15.779947889899345
0.0699999	0.005078057806996949	16.406527013539115
0.0799999	0.005383775569382485	17.603203782780806
0.0899999	0.005662884679502231	18.73655987412192
0.0999999	0.005920080781873681	19.817472369748856
0.11	0.006159183000704392	20.853999380699147
0.12	0.006381693942239964	21.85237751619849
0.13	0.00659080664475229	22.817554591802523
0.13999899999999998	0.006787898497299836	23.753329307118214
0.149999	0.006972406022540504	24.663282428989447
0.159999	0.007153219640760744	25.549696955025944
0.169999	0.0073208854543320035	26.414717399580844
0.179999	0.007475591289034987	27.260925265813583
0.199999	0.007777239492838696	28.9032122714805
0.224999	0.00811657806996948	30.872372929133356
0.249999	0.008428368865930971	32.76409440978522
0.27499900000000005	0.008706977107302184	34.59072234045714
0.299999	0.008971811458088756	36.36124174250113
0.32499900000000004	0.009209724113641701	38.08283605372504
0.349999	0.009440749823902327	39.76119209877764
0.374999	0.009651740784221652	41.40062990993413
0.39999900000000005	0.00984895785395633	43.00580065687348
0.44999900000000004	0.01021020943883541	46.12628842632824
0.499999	0.010537026297252878	49.14347034556249
0.549999	0.010836295374501058	52.07225544135389
0.5999990000000001	0.01110238189715896	54.925679163239145
0.649999	0.01135406844329655	57.71336908337534
0.699999	0.011578833294200518	60.44309426633693
0.799999	0.011985789152383191	65.75539659022394
0.899999	0.012344536393519605	70.90061843565867
0.9999990000000001	0.01265507501760977	75.90836579507594
1.1	0.012937439774594979	80.80033311741435
1.2	0.01318474371918291	85.59313375023
1.3	0.01341076074195821	90.30092932263784
1.4	0.0136223777882132	94.93241375859958
1.5	0.0138064470532989	99.49715490336395
1.6	0.013982377201220945	104.0029374425664
1.7	0.014143907372622683	108.45456985334935
1.8	0.014291037567504111	112.85790316488317
2.	0.014550863230805356	121.53913266567614
2.25	0.01483510624559756	132.18956449736262
2.5	0.015074897158957505	142.6535968033112
2.75	0.015278375088048841	152.96536805911992
3.	0.015458061751584882	163.14876632641415
3.25	0.015608322376144637	173.2243605677516
3.5	0.01574856562573374	183.2068084237597
3.75	0.01586689586757455	193.10759954302307
4.	0.015975208734444708	202.93817137096474
4.5	0.016153643226109418	222.42061109652235
5.	0.01629764299131252	241.7104891242943
5.5	0.016408460201925337	260.8510885336512
6.	0.016506129607889178	279.8711392571892
6.5	0.01658501643578305	298.7894889793448
7.	0.016646372857478282	317.6283546140754
8.	0.01674216400563513	355.1254106936119
9.	0.016810407372622686	392.44075137827434
10.	0.016858615989668937	429.62793980130635
11.	0.016889294200516554	466.729169820249
12.	0.01691058112232919	503.7747298997755
13.	0.016929363700399155	540.7765961648975
14.	0.01694063324724114	577.7458575618634
15.	0.01695190279408312	614.6905911734207
16.	0.016956285395632785	651.6183836861131
17.	0.01696192016905377	688.5359517132086
18.	0.01696818102841043	725.4404490620913
20.	0.01697945057525241	799.2098854626304
22.5	0.017004494012679037	891.3278082498753
25.	0.017029537450105662	983.3072214658913
27.5	0.017054580887532287	1075.1556876816312
30.	0.017098406903028884	1166.8175679362087
32.5	0.017135972059168822	1258.2531430552124
35.	0.01715475463723879	1349.5398377585384
37.5	0.017173537215308763	1440.7335725468183
40.	0.017204841512092044	1531.7941116130219
45.	0.017248667527588638	1713.5066640080804
50.	0.017311276121155204	1894.6799588794458
55.	0.01738640643343508	2075.131368856068
60.	0.017474058464428274	2254.740201073208
65.	0.017574232214134778	2433.389210672107
70.	0.01769318854191125	2610.927330467985
80.	0.017953014205212496	2962.2643888898046
90.	0.01824977893871801	3308.203132403202
100.	0.01857722188307115	3648.2609360588085
110.	0.018918438718008926	3982.2459243766207
120.	0.01927906421695234	4310.094516750603
130.	0.019653463606480393	4631.747387972144
140.	0.02003850645691477	4947.240412317417
150.	0.020429184080770137	5256.681099950088
160.	0.0208236182202395	5560.237289136779
170.	0.021231826250293503	5857.994195690103
180.	0.02163377342099085	6150.116590374606
200.	0.022455198168584174	6718.304797281624
225.	0.02349450082178916	7399.714084822346
250.	0.024535055646865464	8051.596084209281
275.	0.025581871331298436	8676.317396581971
300.	0.026627434843860067	9275.989843414742
325.	0.02767425052829303	9852.543141226965
350.	0.028712301009626677	10407.772276861093
375.	0.029750977576895987	10943.275678558992
400.	0.030782141112937315	11460.459533441423
450.	0.03282881603662832	12444.987385960221
500.	0.0348542040385067	13370.241022175995
550.	0.03685767903263678	14243.476810105478
600.	0.03883485841746889	15070.768034400855
650.	0.040793881310166716	15857.152045462373
700.	0.04273349553885889	16606.8136739896
800.	0.0465444806292557	18009.98035709374
900.	0.05026280500117399	19303.87220656488
1000.	0.05388220779525711	20506.495116304744