# E_R [keV]  \xi_T*d_E/dx_T [keV/Å]  x_T [Å]
0.0011	0.00029559543004758446	1.487734506378132
0.0012	0.000310781094987862	1.621010427562108
0.0013000000000000002	0.00032649987369731963	1.7477854039186944
0.0014	0.0003416895773782728	1.868677769775411
0.0015	0.0003564430970662606	1.984384129139694
0.0016	0.0003707563940206074	2.095465001564414
0.0017	0.000384722359276852	2.2023871770323646
0.0018000000000000002	0.00039829656668756284	2.3055477948555896
0.002	0.00042452414863494665	2.501908553970871
0.0022500000000000003	0.0004558284276115668	2.731310228324611
0.00249999	0.0004852062272859229	2.945908014090542
0.00274999	0.000513683387789619	3.1480873291802243
0.00299999	0.0005408681512771214	3.3395814930025147
0.00324999	0.0005667564790077541	3.5219061914239003
0.00349999	0.0005922005452640703	3.6961578213741864
0.00374999	0.0006167560885717533	3.863190766814056
0.00399999	0.0006401000096767545	4.023857604517308
0.004499990000000001	0.0006853339052435388	4.328609431668247
0.00499999	0.0007284272682522521	4.61429255135014
0.005499990000000001	0.0007689762246353339	4.884016492831949
0.00599999	0.0008081923965954655	5.140103699943318
0.006499990000000001	0.0008457122974718428	5.384297643167117
0.00699999	0.0008814955398577098	5.6181286652915325
0.00799999	0.0009500329691227392	6.059185666559275
0.008999990000000001	0.0010138450717973103	6.470497606792138
0.00999999	0.0010746281189651765	6.8572721262725125
0.0109999	0.0011319782365587778	7.223291853304044
0.0119999	0.0011863396860524315	7.5717113024303675
0.0129999	0.0012385606029880136	7.904819049472776
0.013999900000000001	0.0012886005999587689	8.224446626525717
0.0149999	0.0013369443258457697	8.532093654924099
0.0159999	0.0013831475191746993	8.829047167748058
0.016999900000000002	0.0014280583154874353	9.116377718022393
0.0179999	0.0014712728407164169	9.39497170031577
0.0199999	0.001553824700125798	9.929006970787405
0.0224999	0.001650673701526824	10.559145435997264
0.024999900000000002	0.0017411414926603924	11.154489790858879
0.0274999	0.0018268839572035025	11.720431505384589
0.0299999	0.0019074972210885934	12.2611582770599
0.0324999	0.001984273681331858	12.780026940540132
0.0349999	0.0020576172120008586	13.279621366266515
0.037499899999999996	0.002127527813095594	13.762117465222273
0.0399999	0.0021948536201579416	14.229297258237901
0.044999899999999995	0.002321427752931426	15.123462165565737
0.0499999	0.0024390358814050652	15.971785917889372
0.0549999	0.002549374276662614	16.781352153432387
0.059999899999999995	0.002652887200178389	17.55764366750222
0.0649999	0.002750826661561829	18.305002600645487
0.0699999	0.0028435965348804926	19.026887591974987
0.0799999	0.003016373860982906	20.405068569789037
0.0899999	0.0031741674591788233	21.709687419428814
0.0999999	0.0033199659975681898	22.953346157015737
0.11	0.0034550618731672028	24.145470316439507
0.12	0.0035811513570596135	25.293358907154893
0.13	0.003699971107735935	26.402645519774424
0.13999899999999998	0.0038114807377894085	27.47781401672342
0.149999	0.003917013031642988	28.522908729957095
0.159999	0.0040173353500250345	29.54089253356213
0.169999	0.004112568855155816	30.534393985599763
0.179999	0.004203480907763703	31.505661147085917
0.199999	0.004372461817631047	33.38903470192687
0.224999	0.004566361757466879	35.64771822104811
0.249999	0.004743016274617874	37.81649072211748
0.27499900000000005	0.004902586918711057	39.90977738889414
0.299999	0.005053272333317907	41.93788501748951
0.32499900000000004	0.005190993390356064	43.90887999161243
0.349999	0.005320233091975446	45.82986809871323
0.374999	0.005440587564108499	47.70635354451958
0.39999900000000005	0.0055569032955659434	49.542469193875704
0.44999900000000004	0.005762879070021837	53.10923768906116
0.499999	0.005951488259572626	56.55626654446313
0.549999	0.006118692123542702	59.90181941655247
0.5999990000000001	0.0062766068839588875	63.15970519520637
0.649999	0.006417558933537528	66.34085983089535
0.699999	0.0065492218795622755	69.45526553537896
0.799999	0.006782257216544727	75.51218045487163
0.899999	0.006988232991000621	81.37665968276364
0.9999990000000001	0.007171995691740681	87.07969740246116
1.1	0.007329506578089305	92.64892073327914
1.2	0.007477324486816476	98.1035114036798
1.3	0.007607775810638541	103.45745329061353
1.4	0.007728534156839154	108.7238152063028
1.5	0.007836368532877825	113.91294137126164
1.6	0.007938952546038212	119.03284988916558
1.7	0.008028612589036659	124.0912210092582
1.8	0.008117464883899984	129.09382500957236
2.	0.008268513785167641	138.9479423385376
2.25	0.008433294404732354	151.03602595442248
2.5	0.008574650328378555	162.9066983148923
2.75	0.008692985430173805	174.59950507011584
3.	0.008800415932144917	186.1416634560168
3.25	0.008889672101075805	197.55550448219677
3.5	0.008968831418317677	208.86233835146868
3.75	0.009041932624546141	220.0736022581834
4.	0.00910534085315315	231.20039790003085
4.5	0.009207924866313538	253.24904268837668
5.	0.00929395004270394	275.07472320224343
5.5	0.009363012508256796	296.7194530846073
6.	0.009420766499917958	318.2181935004477
6.5	0.00946317327701182	339.6036859420047
7.	0.009502752935632757	360.8975478715682
8.	0.009558083682888555	403.2655804360629
9.	0.00959725946744193	445.42896927108666
10.	0.009625530652171171	487.4455120929464
11.	0.009643704985211396	529.3611379415502
12.	0.009652994088765288	571.2187832556056
13.	0.009661475444184062	613.0388655393189
14.	0.009666321932994788	654.8295265624811
15.	0.009667129681129911	696.6088378164098
16.	0.009669149051467712	738.3821862360389
17.	0.009667937429265031	780.1538623176256
18.	0.00966834130333259	821.9277922596771
20.	0.009665918058927227	905.4769614100557
22.5	0.009662687066386743	1009.9546220335486
25.	0.009664302562656987	1114.444372746454
27.5	0.009672783918075759	1218.8772049785077
30.	0.00968086139942697	1323.2302997642762
32.5	0.009717210065507421	1427.373583129352
35.	0.009818178582397565	1530.7515200279495
37.5	0.00987068221118044	1633.2790616574594
40.	0.009886837173882862	1735.4610968122997
45.	0.009862604729829227	1939.8682325151726
50.	0.009818178582397565	2145.0634362383453
55.	0.009773752434965902	2351.224566344818
60.	0.009749519990912267	2558.1247919827238
65.	0.009741442509561054	2765.3661633077995
70.	0.009751539361250072	2972.586874182463
80.	0.00982181344900561	3385.485942034893
90.	0.00994822603215207	3794.2220394170267
100.	0.01011058340731142	4197.033013484708
110.	0.010304039085672935	4592.797149506833
120.	0.010516476845209797	4980.8217294686
130.	0.01074426181931396	5360.791140906465
140.	0.010976893282228853	5732.7000281626015
150.	0.011220833219035439	6096.619580741949
160.	0.011465984778044707	6452.683767909008
170.	0.011715578951797142	6801.145487789581
180.	0.011963961503346898	7142.273379914944
200.	0.012463149850851766	7803.751999608877
225.	0.013086731411165294	8594.260067030937
250.	0.013705466482668096	9348.06642087183
275.	0.014310469835873833	10068.930325193853
300.	0.014909818952133726	10760.07648065987
325.	0.015496647972299242	11424.243051942432
350.	0.016073380140775743	12063.9246591215
375.	0.016637996087225427	12681.281977523222
400.	0.017193322930121217	13278.205152681316
450.	0.018284590660669887	14416.813771681122
500.	0.019352837569367606	15490.095868428692
550.	0.020414218618916794	16505.936632946148
600.	0.021482465527614514	17470.151247293932
650.	0.022559193791731005	18387.402005611275
700.	0.02365086539634724	19261.60904295377
800.	0.025882269619619414	20893.737719216042
900.	0.028154465123715208	22389.582019921116
1000.	0.030450489197797064	23768.6415064701