# E_R [keV]  \xi_T*d_E/dx_T [keV/Å]  x_T [Å]
0.0011	0.00046711189965233156	0.9465406464996876
0.0012	0.0004903213917172731	1.0337889624510723
0.0013000000000000002	0.0005147831945051433	1.1168742483997893
0.0014	0.0005387858166946063	1.19612151682625
0.0015	0.0005618283339964907	1.2719797101554924
0.0016	0.0005844116706999681	1.3448199168345194
0.0017	0.000606494083114274	1.4149253040069618
0.0018000000000000002	0.0006276998780225299	1.4825706010341004
0.002	0.0006686921823530564	1.6113950770626742
0.0022500000000000003	0.0007178662500733822	1.7619430673356509
0.00249999	0.0007643269778940296	1.902764167253711
0.00274999	0.0008088674959395201	2.035445244358173
0.00299999	0.0008516130352821462	2.161150092388425
0.00324999	0.0008928975454480227	2.2807968150578244
0.00349999	0.0009323870769110347	2.395148705776494
0.00374999	0.0009709165034864684	2.5048138161778413
0.00399999	0.001008110131957445	2.6102803634933514
0.004499990000000001	0.0010791996373290197	2.8102827475808922
0.00499999	0.0011470331348209801	2.9978006672304094
0.005499990000000001	0.0012112349312164482	3.174814389328215
0.00599999	0.0012726816440214732	3.34287612076411
0.006499990000000001	0.0013318324538344629	3.503154310943143
0.00699999	0.001388645616964653	3.6565984490591212
0.00799999	0.0014963860828272682	3.9459896602810556
0.008999990000000001	0.001597280583404541	4.215861289834888
0.00999999	0.001692706660491693	4.469629595989531
0.0109999	0.0017834991879040096	4.70977785626437
0.0119999	0.001869741653023019	4.938307248829358
0.0129999	0.0019523524170455364	5.156740290570325
0.013999900000000001	0.0020313314799715603	5.366313051900494
0.0149999	0.002107555459307142	5.56802822423956
0.0159999	0.002181066098743045	5.762698596370142
0.016999900000000002	0.0022518633982792696	5.951032904741409
0.0179999	0.0023207822317311013	6.133613333271586
0.0199999	0.0024518574207309514	6.483440346823371
0.0224999	0.0026055994338158076	6.896117453894432
0.024999900000000002	0.0027494064484987644	7.285867036340709
0.0274999	0.002885449136699564	7.656262732929896
0.0299999	0.003014228422707378	8.010028054868716
0.0324999	0.003136203487120614	8.349374171594617
0.0349999	0.0032532110523329012	8.676029114006145
0.037499899999999996	0.003364750194055066	8.991401152643387
0.0399999	0.003471781017174689	9.296692898396993
0.044999899999999995	0.0036740291989276414	9.88081610416111
0.0499999	0.003862668937491439	10.434646185779105
0.0549999	0.004039119518352064	10.962889491637693
0.059999899999999995	0.0042051341765216195	11.469197729524513
0.0649999	0.004362633121775261	11.956389948963878
0.0699999	0.004511658097803753	12.426752877394906
0.0799999	0.004788418767570953	13.324305112694041
0.0899999	0.0050426378443254385	14.173420733731763
0.0999999	0.0052784896971436405	14.982222250330574
0.11	0.0054963917629332	15.757003827659577
0.12	0.005704692779846974	16.502287998206302
0.13	0.005895044009732106	17.22194961154188
0.13999899999999998	0.006076629064556739	17.91921861356662
0.149999	0.006248613070505587	18.596547471644314
0.159999	0.0064118309013939355	19.255940967818884
0.169999	0.006565865120314142	19.89922860165932
0.179999	0.006715307533250276	20.527824813999302
0.199999	0.006991650766109832	21.745633822234215
0.224999	0.007308067942103101	23.204995107873426
0.249999	0.007601526088176013	24.60467446103832
0.27499900000000005	0.007867433398344498	25.95371901251376
0.299999	0.008111216552407914	27.259803392056696
0.32499900000000004	0.00834038941470383	28.528384380381596
0.349999	0.008555786859047532	29.76358339239633
0.374999	0.008757408885439024	30.969025967520476
0.39999900000000005	0.00894567293078594	32.147932795450195
0.44999900000000004	0.009293397874852422	34.436151931833955
0.499999	0.009608562740122761	36.64419908084402
0.549999	0.009895759332581031	38.78407389228853
0.5999990000000001	0.010155405089134874	40.86568400709331
0.649999	0.010400440553921218	42.8962131047791
0.699999	0.010622099551879564	44.881637199890754
0.799999	0.011023256420124326	48.7376187440715
0.899999	0.011380999849974234	52.463156808687884
0.9999990000000001	0.011696582152152217	56.08007307646922
1.1	0.011978352064811132	59.60590161007905
1.2	0.012231318830842688	63.05396598273514
1.3	0.012464666062215034	66.43427203914631
1.4	0.012682568128004591	69.75387566062065
1.5	0.012877511163873796	73.01989373450105
1.6	0.01306118340323664	76.23832664627116
1.7	0.013230662787739635	79.41349039209749
1.8	0.013385531880475124	82.55000678008237
2.	0.013673563346748682	88.72044374648819
2.25	0.013983718969127307	96.26514637290245
2.5	0.014252965774556935	103.65544292648521
2.75	0.014486313005929279	110.91685231270061
3.	0.014697118644288912	118.0679298230608
3.25	0.014881625757467043	125.1234581733408
3.5	0.01504567846217068	132.09706104168663
3.75	0.015196790622737382	138.99807257328797
4.	0.015332040180813663	145.83437242304765
4.5	0.015572483839615934	159.3390217809864
5.	0.01577243611837685	172.65421994695123
5.5	0.015941915502879846	185.81498155113692
6.	0.016090940478908335	198.84528281176904
6.5	0.016221598231000545	211.76273266878016
7.	0.016330131826987677	224.58546765895537
8.	0.016522152804503382	249.99441300569924
9.	0.01668077882940766	275.1352346138331
10.	0.016810184270776938	300.06084150290195
11.	0.016922892235840502	324.8083042114387
12.	0.01701890272459836	349.40357377470286
13.	0.017098215737050493	373.8736875201507
14.	0.01718170311857906	398.2275976866578
15.	0.01724849302380192	422.4749505472451
16.	0.017315282929024768	446.62932694737657
17.	0.017377898465171192	470.6933633452498
18.	0.01743633963224119	494.67384177246925
20.	0.017549047597304756	542.4010076227275
22.5	0.01768262740775046	601.641235652794
25.	0.01781203284911974	660.4431191037075
27.5	0.01793726392141259	718.8272901317164
30.	0.018066669362781868	776.7996745027839
32.5	0.018200249173227576	834.3527869501653
35.	0.01834635209090257	891.4627723608178
37.5	0.01847575753227185	948.1421730613542
40.	0.018592639866411843	1004.4456277978586
45.	0.018793009582080404	1116.0878903482624
50.	0.018980856190519677	1226.596211814146
55.	0.019172877168035382	1336.0073241796663
60.	0.019364898145551084	1444.3280885424872
65.	0.019561093492143217	1551.5695192992166
70.	0.019761463207811775	1657.7282557613676
80.	0.02015385390099604	1866.8904163775924
90.	0.020546244594180304	2072.0232263149346
100.	0.020934460918288142	2273.2970871036227
110.	0.021326851611472405	2470.8547678044033
120.	0.02171924230465667	2664.8105031138293
130.	0.022115807366917366	2855.2737545687614
140.	0.02250819806010163	3042.3690210651343
150.	0.022903928248547034	3226.2208598825373
160.	0.02330633742751473	3406.8949922107
170.	0.023705407111221277	3584.488918448065
180.	0.024111990659265396	3759.0925179500678
200.	0.024928914687522424	4099.595957399132
225.	0.025964993092291937	4509.777624013171
250.	0.027014012041198382	4903.809629928339
275.	0.028075971534241757	5282.736069962551
300.	0.029144610017807406	5647.5467385939355
325.	0.03021992749189535	5999.177713694923
350.	0.03129816702433679	6338.4958831730755
375.	0.032381415799669945	6666.292481237799
400.	0.03346299482737253	6983.307676752531
450.	0.03562782263040827	7587.685285657732
500.	0.0377788750154918	8156.4895567360545
550.	0.039909890429008464	8693.915525923097
600.	0.042011685258990135	9203.554455160593
650.	0.04408551181615973	9688.466366201108
700.	0.0461326224112402	10151.213805193947
800.	0.05008574992661783	11019.10922757518
900.	0.05385604007644792	11822.461520196366
1000.	0.057478557560972435	12572.458111168535