# E_R [keV]  \xi_T*d_E/dx_T [keV/Å]  x_T [Å]
0.0011	0.0003052633530148019	1.7347489138355496
0.0012	0.00032190224341532435	1.8886312710166937
0.0013000000000000002	0.00033913916929690903	2.0345830829909195
0.0014	0.00035585522556595564	2.1733835688525986
0.0015	0.0003721950982259469	2.3058802049917393
0.0016	0.00038806715280801046	2.43276073371517
0.0017	0.00040356784664780153	2.5546131791298827
0.0018000000000000002	0.0004187502312799304	2.67191799949964
0.002	0.0004480780841858946	2.8944938132589413
0.0022500000000000003	0.00048323678303221595	3.1534706416774156
0.00249999	0.0005168762788419677	3.3946132725155342
0.00274999	0.0005493100579560296	3.620806582140848
0.00299999	0.0005801088852307357	3.834335940089017
0.00324999	0.0006103530828254245	4.036919880449293
0.00349999	0.0006395651869286025	4.229856119964158
0.00374999	0.0006677741347409665	4.414319713609975
0.00399999	0.000695409161406182	4.591227811444334
0.004499990000000001	0.0007486053820200261	4.925266503097275
0.00499999	0.0007992937119068351	5.236875239255086
0.005499990000000001	0.0008478599804092296	5.5297058334375055
0.00599999	0.0008948829315411407	5.806465173131686
0.006499990000000001	0.0009398320499564649	6.069342500481602
0.00699999	0.0009832860796691336	6.320138483566902
0.00799999	0.0010664805316717458	6.790797683189863
0.008999990000000001	0.0011455755469090118	7.226901771471846
0.00999999	0.0012205711253809317	7.634590964541019
0.0109999	0.0012924800691118852	8.018408845785927
0.0119999	0.0013613506067696997	8.381890510156747
0.0129999	0.0014276167963648237	8.727755497234705
0.013999900000000001	0.001491326866565085	9.058217628204421
0.0149999	0.001553011332716587	9.375071751899728
0.0159999	0.0016131524814976058	9.679729893798331
0.016999900000000002	0.0016712197975620375	9.973419649283757
0.0179999	0.001727792024923814	10.257206161808849
0.0199999	0.0018367888142141926	10.798439370653123
0.0224999	0.0019657040433173705	11.432646254820392
0.024999900000000002	0.002087915487592512	12.027554222923994
0.0274999	0.002204050119721376	12.589417541560291
0.0299999	0.002315072513060514	13.123036528238739
0.0324999	0.0024215614116238574	13.632147740353687
0.0349999	0.0025239508734218544	14.119750774934946
0.037499899999999996	0.002622289127122334	14.588335240985609
0.0399999	0.002717540746081846	15.039933566609246
0.044999899999999995	0.0028989287657814546	15.89864335136409
0.0499999	0.0030701405365694385	16.70662369216418
0.0549999	0.0032322370891380067	17.471868694468256
0.059999899999999995	0.0033867135121898127	18.200511289487995
0.0649999	0.003534100321070962	18.897370266862573
0.0699999	0.0036754103178058338	19.566324749421327
0.0799999	0.003941777250217675	20.832584447088774
0.0899999	0.00418938323084458	22.018806067035218
0.0999999	0.00442179718110579	23.13890611570311
0.11	0.0046405624183717895	24.203249446002925
0.12	0.004847704546691337	25.219812262565952
0.13	0.00504467042609926	26.194854676881675
0.13999899999999998	0.005233051602633871	27.13324055008509
0.149999	0.005412365789616892	28.03931770701442
0.159999	0.00558651950914236	28.91626418986918
0.169999	0.0057506898944275145	29.767032361490198
0.179999	0.005909748040922943	30.59424224870213
0.199999	0.006212672303548107	32.18551991655516
0.224999	0.006567153012080975	34.07221209256197
0.249999	0.0068914908032215935	35.86373539613987
0.27499900000000005	0.00719557255387462	37.57544778277489
0.299999	0.007484317588158467	39.21800733307261
0.32499900000000004	0.007752951267958208	40.8004971401435
0.349999	0.008011312241510667	42.33011452504611
0.374999	0.008254818785372224	43.81248301415011
0.39999900000000005	0.00848294038419678	45.25311247738358
0.44999900000000004	0.008918927541358295	48.0242980207217
0.499999	0.009314402617544624	50.66899649388965
0.549999	0.009684316499782325	53.20727557285356
0.5999990000000001	0.010029151474749674	55.653484664089326
0.649999	0.010348425255768394	58.02003792792092
0.699999	0.010652748149760556	60.31638577399885
0.799999	0.011209789263169352	64.72719744179444
0.899999	0.011711367408576404	68.9345424713582
0.9999990000000001	0.012167128319547233	72.9733901718623
1.1	0.012587200016325642	76.8695210652561
1.2	0.01297688765237266	80.6422178943383
1.3	0.013335708941010015	84.307613524236
1.4	0.013668969035698739	87.87916485174449
1.5	0.01398197308989987	91.36733097274373
1.6	0.014279543970396172	94.78012070799032
1.7	0.0145563765237266	98.12491940445886
1.8	0.014818258190030475	101.40844175149147
2.	0.015305367735089247	107.81156025186777
2.25	0.01585179854157597	115.54919783768665
2.5	0.016336014366565087	123.03951049218404
2.75	0.016778753537222465	130.32038461676862
3.	0.017175193186765348	137.4214330618094
3.25	0.017540766488898563	144.36683358692963
3.5	0.01787499115694384	151.17512124094836
3.75	0.01818799521114497	157.86128585054678
4.	0.0184749557847192	164.4380220063105
4.5	0.01899148481715281	177.30714945070392
5.	0.019440011427949502	189.8538252528273
5.5	0.019840791657596866	202.12982544876695
6.	0.020199130659555944	214.17329746700395
6.5	0.02052033358728777	226.01600274496002
7.	0.020809705594253377	237.68399634678596
8.	0.021317553466478015	260.5733237068816
9.	0.02173424915650849	282.9726326588816
10.	0.0220959641652155	304.9753529329251
11.	0.022397393339138007	326.6507119595136
12.	0.02266023957879843	348.0558276915785
13.	0.022894148617762296	369.2275031225493
14.	0.023089474722464084	390.20193795285354
15.	0.023266956220069655	411.0082815965427
16.	0.023421770243796255	431.66652652113606
17.	0.023558739660426643	452.19665397571174
18.	0.023678346756639098	472.61537838592227
20.	0.023876566581410536	513.1756109808123
22.5	0.02406948125272094	563.4607915716665
25.	0.024211755822812365	613.3992203473848
27.5	0.024320270325424467	663.0810913854084
30.	0.024395989333913803	712.5760356404522
32.5	0.02444952315520244	761.9413818294804
35.	0.02448665922942969	811.2159466524874
37.5	0.02450980898998694	860.4301230308961
40.	0.02451945472355246	909.6117617067991
45.	0.0245146318567697	1007.9601647188869
50.	0.0244905175228559	1106.3692263790538
55.	0.024447111721811056	1204.9165018420174
60.	0.024398883053983456	1303.651086088376
65.	0.0243458315193731	1402.5932690940283
70.	0.024302425718328254	1501.7764901724092
80.	0.025242884740966476	1696.8316046682096
90.	0.025440622279059646	1886.796227498569
100.	0.025262176208097516	2076.868983686495
110.	0.024919752666521553	2269.0164938784196
120.	0.02451945472355246	2464.1078387951247
130.	0.02412880251414889	2662.4018612225864
140.	0.02377191037222464	2863.8002486799337
150.	0.023453601164562472	3068.081265116321
160.	0.02317869775794515	3274.9623803323207
170.	0.02294720015237266	3484.1144644710466
180.	0.022759108347845017	3695.183991325984
200.	0.022489027808010452	4121.734385204484
225.	0.022325050337396603	4660.180056523096
250.	0.022310581737048325	5200.706034663439
275.	0.022421507673051806	5740.008773802081
300.	0.022624068077927734	6275.51631023668
325.	0.022908617218110577	6805.26374990456
350.	0.02325104075968655	7327.79398078076
375.	0.02365133870265564	7842.029034676535
400.	0.02408539671310405	8347.254003972834
450.	0.02504997006965608	9329.30004143307
500.	0.026101355028297784	10272.503088011563
550.	0.02720096865476709	11177.53394378901
600.	0.028315050881584678	12046.410040886027
650.	0.029433955975185024	12881.64581209692
700.	0.030538392468437092	13685.87808061601
800.	0.03267492245319983	15211.934953008522
900.	0.03469088076839355	16643.788131671434
1000.	0.03659109028080105	17996.930122468744