# E_R [keV]  \xi_T*d_E/dx_T [keV/Å]  x_T [Å]
0.0011	0.00011493404386155854	2.085654531098215
0.0012	0.00012087620619286023	2.270353859144798
0.0013000000000000002	0.00012702514706682628	2.4459945361124404
0.0014	0.00013298689894427514	2.6134280544320903
0.0015	0.00013876146182520676	2.773628359142518
0.0016	0.00014437060187200696	2.9273873051269255
0.0017	0.00014983826186329994	3.0753564979748087
0.0018000000000000002	0.00015516444179908574	3.2180883404670615
0.002	0.00016546418984000872	3.489665724325231
0.0022500000000000003	0.00017768806663582935	3.8068501329302786
0.00249999	0.0001893481998258598	4.103376477204929
0.00274999	0.00020047288542120157	4.382576518021139
0.00299999	0.00021117530746626032	4.646969227224496
0.00324999	0.0002214576425772747	4.89853386378072
0.00349999	0.00023138954247387894	5.13887103297918
0.00374999	0.00024106024842185457	5.369231020099116
0.00399999	0.0002503413400631258	5.590702641937817
0.004499990000000001	0.0002681982996843709	6.010501259197197
0.00499999	0.00028512584417174575	6.403885196501731
0.005499990000000001	0.00030113050337396603	6.775177083468657
0.00599999	0.0003166541303874619	7.127522207369909
0.006499990000000001	0.00033149865313452325	7.463339933776611
0.00699999	0.00034564665868524157	7.784780677080642
0.00799999	0.0003727672970178493	8.390783018709168
0.008999990000000001	0.0003980378115476708	8.955564885882737
0.00999999	0.00042213295330866343	9.486353091259545
0.0109999	0.00044487859300174136	9.988407979823073
0.0119999	0.0004666665215498476	10.465973974656272
0.0129999	0.0004873226096538963	10.92229038028678
0.013999900000000001	0.0005072604143992164	11.35998419459789
0.0149999	0.0005263058064867217	11.78117090841162
0.0159999	0.0005448723430017414	12.187571149685054
0.016999900000000002	0.0005627423623204179	12.580592394119845
0.0179999	0.0005799376306051371	12.961554778604375
0.0199999	0.0006129133666195036	13.691476642134665
0.0224999	0.0006517224341532434	14.552020415518234
0.024999900000000002	0.0006879848606878537	15.364334393502212
0.0274999	0.0007222012679582063	16.136065916147952
0.0299999	0.0007547852130496299	16.87288528316301
0.0324999	0.0007855408005006529	17.579400025786885
0.0349999	0.0008149033535589899	18.259389950714954
0.037499899999999996	0.0008431123000108837	18.915769837551192
0.0399999	0.0008701894060187201	19.55096665941392
0.044999899999999995	0.0009213181214627775	20.765821148550142
0.0499999	0.0009687901216260339	21.9173090506767
0.0549999	0.0010132801575424466	23.01540113575807
0.059999899999999995	0.001055441214083587	24.067496481102893
0.0649999	0.0010950773957879843	25.07956729930534
0.0699999	0.0011326675582281236	26.056571110783253
0.0799999	0.0012029722627340009	27.920125638912648
0.0899999	0.0012672912725838047	29.68212338822993
0.0999999	0.0013265822989225076	31.36020679950756
0.11	0.0013819336498693947	32.967308927061005
0.12	0.0014336065193730953	34.513320418020186
0.13	0.0014822538923051807	36.00615330313368
0.13999899999999998	0.0015279410671528082	37.45207183002333
0.149999	0.0015713210287875486	38.856600208776655
0.159999	0.0016126114388332607	40.22377835067679
0.169999	0.001651834063452329	41.557238064474824
0.179999	0.0016892065642686112	42.86013858154142
0.199999	0.0017595548010992596	45.3843864592949
0.224999	0.0018395672140291684	48.407588305870206
0.249999	0.001912636221158032	51.30757144838906
0.27499900000000005	0.001979697767468437	54.103226224990095
0.299999	0.0020418836934044406	56.80909028252037
0.32499900000000004	0.002099651088376143	59.43660817038057
0.349999	0.0021534788079560292	61.995224098983016
0.374999	0.002204041603178058	64.49258605308364
0.39999900000000005	0.002251796563452329	66.9348581800738
0.44999900000000004	0.002339165939268611	71.67481868197383
0.499999	0.002418111810241619	76.2492529642093
0.549999	0.0024889389026447536	80.68427483680505
0.5999990000000001	0.002554912140835873	84.99923311413056
0.649999	0.0026162927187636043	89.20775571897379
0.699999	0.002670708124727906	93.32413641174747
0.799999	0.0027721384414453633	101.32030913737934
0.899999	0.0028594207526121025	109.04828011971335
0.9999990000000001	0.002937125952329125	116.55675397246505
1.1	0.0030056893638441447	123.88087859598645
1.2	0.0030690288963865914	131.04608764542186
1.3	0.003125403256965607	138.0730090971396
1.4	0.0031789480164344797	144.9774250958547
1.5	0.0032257452655637783	151.77365945160778
1.6	0.003269930575206791	158.47486587350772
1.7	0.0033093273291249455	165.0911261746553
1.8	0.0033485064214192417	171.62944647401065
2.	0.00341489321669569	184.49532451644163
2.25	0.0034895511536787113	200.2542921535429
2.5	0.003551802378101872	215.70662459404892
2.75	0.0036044764910753155	230.91197702764796
3.	0.003651709063452329	245.9087021400423
3.25	0.003693717756856769	260.7232395524506
3.5	0.003730502571288637	275.38095772747647
3.75	0.0037646754462342187	289.89990406445565
4.	0.0037936244422072263	304.297388599339
4.5	0.003841509999455812	332.7990486759512
5.	0.003882865707988681	360.97349100117646
5.5	0.00391638559806269	388.8769409193304
6.	0.003941852008053984	416.57281738701215
6.5	0.003966012448302132	444.09571303824737
7.	0.00398494900957771	471.4687142950819
8.	0.004013245020679146	525.8845885838157
9.	0.0040341405365694385	579.9715331997944
10.	0.0040478532188724424	633.8285271699767
11.	0.004057212668698302	687.5350849545267
12.	0.004064613163909447	741.1310534624404
13.	0.004068095749891162	794.6567255087389
14.	0.004072231320744449	848.1324278067883
15.	0.0040726666439921625	901.5771637900801
16.	0.004072013659120592	955.0259466218016
17.	0.004072448982368307	1008.4761578100251
18.	0.004071795997496735	1061.926994019164
20.	0.004070054704505877	1168.8645710388876
22.5	0.004065048487157162	1302.6420063154058
25.	0.004062218886047017	1436.5544418678396
27.5	0.004060259931432303	1570.5413359960169
30.	0.004057212668698302	1704.6453303239607
32.5	0.004080067139203308	1838.4944863279377
35.	0.004153854429690901	1970.689080406386
37.5	0.004189550936003482	2101.046728214902
40.	0.004199998693948628	2230.7165985329584
45.	0.004185415365150196	2490.1099626929854
50.	0.004155160399434045	2751.0464984966748
55.	0.004128388019699608	3013.846273367224
60.	0.004111410413038746	3278.070134097431
65.	0.004108798473552459	3542.929881307201
70.	0.0041183755850021765	3807.5575684771943
80.	0.00417104969797562	4333.140154265003
90.	0.004256155392903788	4850.0204628365545
100.	0.004366292174575533	5355.101754567952
110.	0.004488618007183282	5846.863777858223
120.	0.004623132890727035	6324.73302008342
130.	0.004762436329995646	6788.614107957293
140.	0.004903045739007401	7239.050677815966
150.	0.005046267087505441	7676.639478252766
160.	0.005191665052242054	8101.871314437591
170.	0.005334015754244667	8515.465012231569
180.	0.0054752781481279935	8918.212033478645
200.	0.005754973334784502	9693.601211837447
225.	0.006093437159882455	10612.224102973465
250.	0.006420582580539834	11481.976083397863
275.	0.006738803874619067	12309.042672155258
300.	0.007043965471266869	13098.67651381079
325.	0.007339114633217239	13855.360207416998
350.	0.007625774991837178	14582.61789151817
375.	0.007903075900631258	15283.449326439095
400.	0.008170364374727906	15960.540107199924
450.	0.008690793317370483	17251.62021464915
500.	0.00919337400685677	18468.886347197622
550.	0.009693125095232912	19621.649455563693
600.	0.010200059017196342	20716.127894249246
650.	0.010719399651719634	21756.917280106038
700.	0.01125071167555507	22747.92339411438
800.	0.012355562078254246	24594.04545349854
900.	0.013505033113844144	26278.867247557373
1000.	0.014677140958315193	27824.541755698287