# E_R [keV]  \xi_T*d_E/dx_T [keV/Å]  x_T [Å]
0.00999999	0.0009765298830287496	3.7509857762798138
0.0109999	0.0010321001109707935	3.9616053039364005
0.0119999	0.0010854069150872578	4.161409586181339
0.0129999	0.001136640676821415	4.351812090854224
0.013999900000000001	0.001186076391591326	4.533960346743095
0.0149999	0.0012336929059032949	4.7088013371355775
0.0159999	0.0012797229081879876	4.8771282918652
0.016999900000000002	0.0013243779333823745	5.039592968882107
0.0179999	0.0013676791349801535	5.1967490409852815
0.0199999	0.0014508969791841892	5.496965290292152
0.0224999	0.0015493030318626776	5.849509638926611
0.024999900000000002	0.0016420611017240643	6.180930638587476
0.0274999	0.0017300596355036243	6.494586138425622
0.0299999	0.001813996698493358	6.793022772166868
0.0324999	0.0018941049791239332	7.078255858833912
0.0349999	0.001971061389193654	7.351898685218272
0.037499899999999996	0.0020450563101457936	7.6152551136444195
0.0399999	0.0021163647373984126	7.869415621768399
0.044999899999999995	0.0022517682505529706	8.353666383635735
0.0499999	0.002378202682379997	8.810539043282096
0.0549999	0.0024986929824781633	9.244282736820027
0.059999899999999995	0.002612477625074378	9.658143026336777
0.0649999	0.0027217142665257356	10.05469334999729
0.0699999	0.002824308710956232	10.436093406618255
0.0799999	0.0030202958300590255	11.15994695438509
0.0899999	0.003200523596357547	11.839959300997641
0.0999999	0.003367424661626952	12.484057738704864
0.11	0.0035252297246066433	13.097835891684737
0.12	0.0036741503202335907	13.685459429314609
0.13	0.003816090262940525	14.250256944057808
0.13999899999999998	0.003949357273231685	14.794987448365589
0.149999	0.004077758979972533	15.322021893147385
0.159999	0.0041998146386042785	15.833104966423795
0.169999	0.004317004993685711	16.329828154021392
0.179999	0.004427849300658041	16.81360187627297
0.199999	0.004642134191808749	17.74663969666436
0.224999	0.00488730318375709	18.856341926448827
0.249999	0.005112164821756301	19.91395271410139
0.27499900000000005	0.005323488223789427	20.927373733136093
0.299999	0.005518946505549794	21.902789297245114
0.32499900000000004	0.0057055203199574194	22.845013227043715
0.349999	0.005878555898398957	23.757974318234616
0.374999	0.006042495474550782	24.64516455474577
0.39999900000000005	0.006199665932719563	25.509086941939522
0.44999900000000004	0.006489468796368593	27.17580229722816
0.499999	0.006756425886824855	28.772546564613364
0.549999	0.007000748739025314	30.30996348341398
0.5999990000000001	0.007227091121583317	31.796561947749638
0.649999	0.007437568383868563	33.23891661092032
0.699999	0.007636411224620453	34.6421231795784
0.799999	0.007996020617469617	37.34765895392068
0.899999	0.00831903446622295	39.94021849368959
0.9999990000000001	0.008610318074430771	42.43876814114414
1.1	0.008874102140832481	44.85814273605657
1.2	0.009119482667717792	47.20906566881537
1.3	0.009342017421410333	49.500431255268275
1.4	0.009550802404199818	51.73956439911657
1.5	0.009745626081149275	53.93185414994544
1.6	0.00992669998719568	56.08226751494209
1.7	0.010096139471708723	58.195072092257554
1.8	0.010256482953932057	60.273658040001536
2.	0.0105490357717617	64.33958650407324
2.25	0.010875222644569587	69.27520627983965
2.5	0.011163967833533767	74.07330815665735
2.75	0.011422040456637283	78.75537533633465
3.	0.011652190468060748	83.33853807550258
3.25	0.011863090800219933	87.83587038561723
3.5	0.01205516452298878	92.25745413602628
3.75	0.01223031545080002	96.61223802585108
4.	0.012391293537834263	100.9076350445732
4.5	0.012679192587050562	109.343212788615
5.	0.012928169207864364	117.60228189031989
5.5	0.013145415588132654	125.71393729759491
6.	0.013335373961531798	133.70112978800287
6.5	0.013505448050855755	141.5813524172487
7.	0.013655637856104522	149.3687408477494
8.	0.013912652804523189	164.71045130966553
9.	0.014122072392123586	179.79790714316323
10.	0.014295531040439062	194.68282818416233
11.	0.014439374797578727	209.4039873198705
12.	0.014562065061021381	223.99028184356425
13.	0.01466571718013673	238.46395521074484
14.	0.01475667720303387	252.84197406298736
15.	0.014830714430973405	267.1400586437588
16.	0.014898405610803836	281.3701478882731
17.	0.01495340469441606	295.5417463032841
18.	0.015002057729919182	309.6645772228263
20.	0.015082441005967819	337.7867879441512
22.5	0.015154362884537653	372.76158438145984
25.	0.015207246618780177	407.5941044005183
27.5	0.015243207558065094	442.3257894052241
30.	0.015268591750501501	476.9888436510925
32.5	0.01528974524419851	511.5993085052596
35.	0.015302437340416718	546.1714798787349
37.5	0.01531089873789552	580.7203587784444
40.	0.015317244786004625	615.252783059594
45.	0.015325706183483428	684.2833653394475
50.	0.01533205223159253	753.2817966001753
55.	0.015338398279701635	822.2580179808213
60.	0.015376474568356252	891.139250952875
65.	0.01543993504944728	959.7888419285473
70.	0.015509741578647413	1028.1378623417968
80.	0.01563666254082947	1163.9540543620355
90.	0.01572973791309631	1298.8101553869053
100.	0.015788967695447936	1433.0144834752537
110.	0.015814351887884347	1566.8646558313553
120.	0.01582069793599345	1700.5880175521231
130.	0.015814351887884347	1834.3151047757658
140.	0.015799544442296445	1968.133912844471
150.	0.015778390948599435	2102.109605472229
160.	0.015761468153641822	2236.249279985665
170.	0.015744545358684216	2370.5330569849516
180.	0.01573185326246601	2504.945806684271
200.	0.01573185326246601	2773.931732480356
225.	0.015778390948599435	3109.6888484343517
250.	0.01588204306771478	3443.855082805303
275.	0.01603857892107265	3775.296353638266
300.	0.016250113858042745	4102.9532626113305
325.	0.016506071131776566	4425.925961505119
350.	0.0168064507422741	4743.499072719813
375.	0.01714279129205655	5055.103707868133
400.	0.017506631383645114	5360.406007067091
450.	0.018318925541610284	5951.240080896244
500.	0.019211602975624086	6515.147731052495
550.	0.020157164143880413	7052.673695601472
600.	0.02114291695016106	7565.028969584202
650.	0.02215405394887812	8053.721194986991
700.	0.023177883043813376	8520.45201966594
800.	0.025236117980532408	9394.85562393515
900.	0.027288006869142335	10200.63929943051
1000.	0.029264800855127882	10948.914134696084
1100.	0.03120161473802608	11648.728686251337
1200.	0.03307221818565263	12307.010888118906
1300.	0.03485186161038204	12929.901537256552
1400.	0.03658010204542773	13522.199908610757
1500.	0.03823388218265994	14087.706033262219
1600.	0.03983245170134295	14629.641370701615
1700.	0.041353387898157935	15150.743129204031
1800.	0.042817209661991	15653.375466251895
2000.	0.04561137464442899	16610.28057242667
2250.	0.048803648378244704	17730.35775381606
2500.	0.05173911869857872	18782.225562932952
2750.	0.05447722692271964	19777.90897807229
3000.	0.057014376956738964	20726.460013035896
3250.	0.059369818479900985	21635.152627766955
3500.	0.061584166200103936	22509.52330194004
3750.	0.06365593937278906	23353.969187250765
4000.	0.06560565688684243	24172.148380816114
4500.	0.06915669387375943	25741.356265438277
5000.	0.07231744890196659	27236.15356298349
5500.	0.07510611397604336	28670.649831103427
6000.	0.07758424576264804	30055.701871992245
6500.	0.07977151701091884	31399.71394218252
7000.	0.08170938856850188	32709.4256363879
8000.	0.08493889245122431	35246.43210364226
9000.	0.08748027318398305	37698.90435910689
10000.	0.08950000876217351	40088.51291979453