# E_R [keV]  \xi_T*d_E/dx_T [keV/Å]  x_T [Å]
0.0011	0.00026629132541380754	1.378785705268641
0.0012	0.0002805204997663494	1.5064215774249266
0.0013000000000000002	0.0002954262574091837	1.627559463350148
0.0014	0.0003099030472958017	1.742796438588892
0.0015	0.00032399271993900484	1.8528391277014375
0.0016	0.0003377336383088615	1.9582524674511104
0.0017	0.0003511292899481049	2.0595122991633255
0.0018000000000000002	0.00036421803782680346	2.15702292119732
0.002	0.0003896282741828378	2.342108589542897
0.0022500000000000003	0.0004200396468186625	2.557511413647491
0.00249999	0.00044891650065176223	2.75820051180475
0.00274999	0.00047667734081015283	2.9466199101362336
0.00299999	0.0005036709215671808	3.12450853735139
0.00324999	0.0005295136132221648	3.2932939851899383
0.00349999	0.0005545890454757864	3.4541529869927485
0.00374999	0.0005788972183280455	3.6080049665007525
0.00399999	0.0006028217614796232	3.755576613082635
0.004499990000000001	0.0006484388204333605	4.034322462442232
0.00499999	0.0006917889766103445	4.294571835439997
0.005499990000000001	0.0007336046139846036	4.5392704087071545
0.00599999	0.0007738857325561376	4.770629834355341
0.006499990000000001	0.0008123184534789345	4.9905098154741685
0.00699999	0.0008499839150003689	5.200326780951864
0.00799999	0.0009211995376177477	5.59417553994975
0.008999990000000001	0.0009889973683563295	5.959365152250429
0.00999999	0.0010530635283701026	6.300959680964535
0.0109999	0.001114514031333776	6.622743550497882
0.0119999	0.0011733140018200152	6.927634445080755
0.0129999	0.001229881944956836	7.217889043296763
0.013999900000000001	0.00128460149044492	7.495294892677274
0.0149999	0.001337437762856932	7.761316643633968
0.0159999	0.0013883907621928724	8.017211610384155
0.016999900000000002	0.0014382277478541036	8.263980185947549
0.0179999	0.0014862512112939325	8.50248788404283
0.0199999	0.0015791942251408052	8.957641398585018
0.0224999	0.0016889123195356502	9.49123469431559
0.024999900000000002	0.0017927015912836027	9.992104900215752
0.0274999	0.0018916083032047028	10.465415532934855
0.0299999	0.0019860858358543006	10.915114811200997
0.0324999	0.0020764480680784086	11.344349570272776
0.0349999	0.0021631483804323767	11.75565902761091
0.037499899999999996	0.002246849406035564	12.151075160643336
0.0399999	0.002327586020315306	12.532275365299592
0.044999899999999995	0.002481630782852505	13.2574601137199
0.0499999	0.0026264335571460195	13.940206129126734
0.0549999	0.0027634939865712384	14.587249322784576
0.059999899999999995	0.0028938583339482033	15.203706114113157
0.0649999	0.00301832873410561	15.793591512607621
0.0699999	0.0031376026955901525	16.360119367011865
0.0799999	0.0033620958213433677	17.4332018794584
0.0899999	0.0035707206276593133	18.43926671826447
0.0999999	0.0037674529132541382	19.389740402868824
0.11	0.00395061865761578	20.29341372707826
0.12	0.004122798642367004	21.157368472216085
0.13	0.004291037703829411	21.986359063444684
0.13999899999999998	0.004448360756536068	22.784345997121445
0.149999	0.004598325094075113	23.555322260204477
0.159999	0.004740965591873878	24.3021600300948
0.169999	0.004879804668093165	25.02716564696898
0.179999	0.0050148771981603085	25.732087355158793
0.199999	0.005266887036080573	27.088515406753366
0.224999	0.005560538134238422	28.698851689653047
0.249999	0.005831868958902088	30.22933158821701
0.27499900000000005	0.006085064561351729	31.692488159672635
0.299999	0.006323612484320815	33.09769825230543
0.32499900000000004	0.0065506515162694606	34.45207239252661
0.349999	0.00676304286873755	35.76172958640993
0.374999	0.0069642740844585455	37.03194408682181
0.39999900000000005	0.007154693917705796	38.26693558374684
0.44999900000000004	0.0075132133107061174	40.64427544728288
0.499999	0.007842088590471974	42.9151695772086
0.549999	0.008145156054010182	45.09637646089566
0.5999990000000001	0.008429390786787673	47.20034369871614
0.649999	0.008695141543077793	49.23672123285377
0.699999	0.00894275707715389	51.213851939666924
0.799999	0.009400322683784648	55.01555331981408
0.899999	0.00981324774342704	58.64505823474485
0.9999990000000001	0.010185368553087878	62.132220723848604
1.1	0.010527845249514254	65.49925747291833
1.2	0.010843816621166284	68.76258152105405
1.3	0.011137467719324137	71.93543039447034
1.4	0.01140914729826115	75.02878203088454
1.5	0.01166548168917091	78.05140890178492
1.6	0.011906470892053418	81.01022321457066
1.7	0.012129324872721907	83.91200397104873
1.8	0.012344506259376768	86.76191082361028
2.	0.012737203571165055	92.3220401711473
2.25	0.01317872648122187	99.049001988238
2.5	0.013571075038736813	105.56651862827304
2.75	0.013925409380456971	111.90728648114802
3.	0.014245914557662508	118.09631681103419
3.25	0.014539216901547015	124.15354101598831
3.5	0.014809850217663987	130.09442699401714
3.75	0.015057465751740084	135.9322666183975
4.	0.015285899800782115	141.67862366083256
4.5	0.015699871123244547	152.93121989669524
5.	0.016060134287611598	163.90992404496873
5.5	0.016380639464817142	174.658695188454
6.	0.01666592046041467	185.21061549240943
6.5	0.01692016232568435	195.59328665105565
7.	0.017150340146093117	205.82856439600468
8.	0.017550361297621685	225.92287470833253
9.	0.01788237536584766	245.60345295154391
10.	0.018165215081531766	264.9494680310754
11.	0.018406901792960968	284.0184915585029
12.	0.01861162055141543	302.85831866031225
13.	0.01879401903637571	321.50364567976465
14.	0.018951307213655032	339.9811958515113
15.	0.019087321380260213	358.3167068667568
16.	0.019209385375931528	376.5289679797935
17.	0.01931819670921567	394.6320996105051
18.	0.019413406625839298	412.6399399949032
20.	0.01957208982021201	448.41756558972827
22.5	0.01972554170048452	492.7831617502826
25.	0.01984411815342237	536.8452155036671
27.5	0.019927819179025554	580.6847397750842
30.	0.019994082490961414	624.3614848795787
32.5	0.0200463956319634	667.9088783986787
35.	0.020081271059298064	711.3619599790875
37.5	0.020105683858432328	754.7518742558493
40.	0.020123121572099657	798.0971182013467
45.	0.020144046828500458	884.7007068462158
50.	0.020147534371233924	971.2539409308516
55.	0.020144046828500458	1057.8084236026627
60.	0.02013009665756659	1144.4016339241289
65.	0.020116146486632725	1231.0580016442486
70.	0.020109171401165794	1317.7923497049933
80.	0.02082063011879289	1488.4819302810206
90.	0.020998494798199662	1655.0016274157338
100.	0.020886893430728744	1821.3867999266208
110.	0.020632302811185717	1989.3185709513011
120.	0.02032191150790723	2159.61069786724
130.	0.01999408249096141	2332.6236568074646
140.	0.01968020364494946	2508.450217491824
150.	0.019390737598071767	2686.997017501274
160.	0.01912917189306181	2868.0990744296378
170.	0.018895506529919573	3051.5595713414978
180.	0.018689741508645073	3237.165510259009
200.	0.01836888757716619	3613.82279822689
225.	0.018103834329422763	4092.2420951821623
250.	0.017967820162817585	4575.928141181865
275.	0.017939919820949852	5061.770016773584
300.	0.01799572050468531	5547.195533388855
325.	0.01812475958582356	6030.102764904417
350.	0.018306111807963796	6508.869604715461
375.	0.018536289628372563	6982.270971281476
400.	0.01880134287611599	7449.374830642392
450.	0.019418637939939497	8362.351886655651
500.	0.020116146486632725	9244.81606030893
550.	0.02085550554612755	10096.238053619954
600.	0.0216227649474901	10917.40729444991
650.	0.02240048697705305	11709.710159524497
700.	0.023178209006616	12474.940529769488
800.	0.02469529009567378	13932.135158711848
900.	0.026153082958262627	15303.971023237025
1000.	0.027544612508915618	16602.935044506055