# E_R [keV]  \xi_T*d_E/dx_T [keV/Å]  x_T [Å]
0.0011	0.00008601288374037728	1.8043595072623042
0.0012	0.00009074727465013895	1.9396797803826593
0.0013000000000000002	0.00009550796773162153	2.068079336759986
0.0014	0.0001001311721881994	2.1903085885692395
0.0015	0.00010462764799921296	2.3070915362950735
0.0016	0.00010898663518532181	2.4190329587406962
0.0017	0.00011325834698344769	2.5266268838585066
0.0018000000000000002	0.00011741648122186969	2.630286916170576
0.002	0.0001254231014043631	2.8272341788504414
0.0022500000000000003	0.00013509751838461346	3.0567231615401216
0.00249999	0.00014415383432942274	3.2707979076663167
0.00274999	0.00015295669298310337	3.4720181712039526
0.00299999	0.00016138653901965125	3.662199079098675
0.00324999	0.0001695641233183305	3.842837102338262
0.00349999	0.0001774918369856612	4.015083712154247
0.00374999	0.00018505251580215942	4.179972468900896
0.00399999	0.00019248287931331314	4.33831840671474
0.004499990000000001	0.00020672550530017952	4.637827428138816
0.00499999	0.00022022330160604049	4.917875236786074
0.005499990000000001	0.0002332201610959443	5.181554250140867
0.00599999	0.00024560011510366706	5.431253959340848
0.006499990000000001	0.000257603469834477	5.668853184412846
0.00699999	0.00026911306106889	5.895839422821874
0.00799999	0.000291016792346098	6.322765026886355
0.008999990000000001	0.00031168073489264364	6.719531870314577
0.00999999	0.0003313475860203153	7.091403527503141
0.0109999	0.0003500340834747534	7.442300696606042
0.0119999	0.00036784782704936175	7.775384562621419
0.0129999	0.00038492032760274476	8.09303711439765
0.013999900000000001	0.0004014906957869107	8.397095491739265
0.0149999	0.00041733177648245164	8.689113010747556
0.0159999	0.00043267072480877535	8.97042200430004
0.016999900000000002	0.0004475194962984825	9.242083253176228
0.0179999	0.0004619856907449765	9.504987756049026
0.0199999	0.0004895790599867188	10.007523431557118
0.0224999	0.0005221339752576305	10.5983867937649
0.024999900000000002	0.0005528238274428786	11.154476401619846
0.0274999	0.0005817920829336678	11.68132523895116
0.0299999	0.0006093974077080105	12.183155687597937
0.0324999	0.0006357713126245113	12.663229007154037
0.0349999	0.0006610333530091739	13.124186535992436
0.037499899999999996	0.000685315039720603	13.568178943818696
0.0399999	0.0007086044172261983	13.997017225883821
0.044999899999999995	0.0007527322880543052	14.815104248266628
0.0499999	0.0007941342974495191	15.58795990236466
0.0549999	0.0008330734671290488	16.32265561296306
0.059999899999999995	0.000869920418603507	17.024664405856875
0.0649999	0.0009050457733835066	17.698203277611984
0.0699999	0.0009383180206104429	18.34674759331076
0.0799999	0.001000809589512777	19.579710274460428
0.0899999	0.0010584830787771465	20.74072144019995
0.0999999	0.0011119840871639734	21.84227712882384
0.11	0.0011620299466292825	22.8937015457381
0.12	0.0012091108340096903	23.902066239841044
0.13	0.0012538484370004182	24.87284627367909
0.13999899999999998	0.0012962547111340663	25.810342999107373
0.149999	0.00133619814555203	26.71859014725657
0.159999	0.0013736906957869106	27.600909801513986
0.169999	0.0014099518261639487	28.459879212203592
0.179999	0.0014449576256179441	29.29740223014023
0.199999	0.0015112749649524087	30.91490024161619
0.224999	0.0015864991760741777	32.84426248594152
0.249999	0.0016567498856341768	34.687165756743944
0.27499900000000005	0.001720855451437566	36.45671913565848
0.299999	0.0017800472933421874	38.164072238652636
0.32499900000000004	0.0018367165178681225	39.81671965300246
0.349999	0.0018884959295604909	41.42123645991671
0.374999	0.0019378005460045746	42.9834393108983
0.39999900000000005	0.0019846184116677733	44.507351002856154
0.44999900000000004	0.0020708417127819176	47.45472510079757
0.499999	0.0021496286726186086	50.28697332108304
0.549999	0.0022210151577756465	53.021987851752286
0.5999990000000001	0.0022874281413709143	55.67350222032667
0.649999	0.002348879578937013	58.251869856077604
0.699999	0.0024053933815391428	60.76629855677846
0.799999	0.002508462028087262	65.63092906117613
0.899999	0.0025991327873287583	70.31127600750897
0.9999990000000001	0.0026810281856415553	74.8388697259489
1.1	0.0027543156004820575	79.23735400700947
1.2	0.0028212665830443444	83.5252881291589
1.3	0.0028820006886544182	87.71735181794995
1.4	0.0029389090238323614	91.8247579486779
1.5	0.0029909155906441376	95.85670611370894
1.6	0.003039096387023783	99.8217206813272
1.7	0.003083570968297302	103.72678722024858
1.8	0.003125415332398731	107.57760609474572
2.	0.0032004960771292944	115.13530259991428
2.25	0.003283347918050124	124.3524695465659
2.5	0.003354722447674562	133.35579612827775
2.75	0.0034172498831746964	142.1816007464866
3.	0.003473321331070611	150.8556091362124
3.25	0.003521860793428269	159.4001254627542
3.5	0.0035664549300277923	167.83261546132337
3.75	0.0036060277429351435	176.16613745719997
4.	0.00364165523008436	184.41332613785144
4.5	0.0037027480016724457	200.6875706290997
5.	0.003753319904572173	216.71915206033074
5.5	0.0037960011559556306	232.55317093808995
6.	0.0038310308664748272	248.22623858632846
6.5	0.003860561031997836	263.76836320727625
7.	0.0038861458717627095	279.2000964178788
8.	0.00392392535478	309.8061454179722
9.	0.003950705747804913	340.16475817941034
10.	0.0039692368233355466	370.35091058663846
11.	0.003980714134631939	400.4242727763472
12.	0.003987648343540175	430.4290061367359
13.	0.0039902785607122656	460.3986255121203
14.	0.0039911154479942935	490.35522603275604
15.	0.0039876483435401745	520.3221145944112
16.	0.00398370301778204	550.3172802798279
17.	0.003976768808873803	580.3534439993645
18.	0.00396935637866155	610.4444686286962
20.	0.003951064413782926	670.8152512987274
22.5	0.003926196905974077	746.6976248540376
25.	0.0038982209596891216	823.092923175414
27.5	0.0038685712388401086	900.0585086555953
30.	0.0038399975159251333	977.6066974256021
32.5	0.0038113042376841538	1055.7356248947272
35.	0.0037840456233552222	1134.4392464403677
37.5	0.0037557110110922544	1213.7243672563507
40.	0.0037301261713273814	1293.5823711278351
45.	0.0036802716003836787	1454.9888987080421
50.	0.003675608942669519	1617.6542659978736
55.	0.003699041786566319	1779.7716696292546
60.	0.0036944986841781643	1941.3900384925853
65.	0.003671783172237389	2103.6399882896744
70.	0.003639264123564278	2267.1403940907894
80.	0.0035639442681817063	2599.0506613153734
90.	0.0034922110725792567	2937.987986193555
100.	0.003431237856317174	3283.4598576659305
110.	0.0033834157259155415	3634.455712725762
120.	0.0033487446813743574	3989.7407105328075
130.	0.003324833616173541	4348.133074861279
140.	0.003311682530313092	4708.526380147403
150.	0.00330929142379301	5069.749137736157
160.	0.0033140736368331737	5430.82520934308
170.	0.003326029169433582	5790.985873168901
180.	0.0033439624683341946	6149.526139337225
200.	0.0033965668117759908	6859.3897763538225
225.	0.0034850377530190116	7728.5565363728665
250.	0.003591441993162645	8573.678867498153
275.	0.003712192872426769	9392.439286397026
300.	0.0038422690671192105	10183.939637472384
325.	0.003978203472785853	10948.475455731219
350.	0.00411868098084065	11686.892067139272
375.	0.004262864704001573	12400.198726229348
400.	0.004407646203792517	13089.707390839634
450.	0.004699122088590472	14403.000983211843
500.	0.004989521975454389	15637.269787329877
550.	0.0052739440960181015	16802.314689653776
600.	0.005552029784303599	17906.796870666596
650.	0.0058248550382449145	18957.769909521317
700.	0.006091224304582011	19961.176624845695
800.	0.006615593964435918	21843.770619548995
900.	0.007133866302663617	23583.61776730991
1000.	0.007655247079367421	25201.230126473474