# E_R [keV]  \xi_T*d_E/dx_T [keV/Å]  x_T [Å]
0.0011	0.000018843098086198657	2.555044091487715
0.0012	0.000019387479282153786	2.8827290475438496
0.0013000000000000002	0.000020070771541904366	3.199991821986531
0.0014	0.000020723403251537933	3.506747258163795
0.0015	0.000021338491430415975	3.804254329481343
0.0016	0.000021922919059177	4.093521935623363
0.0017	0.000022490452099098036	4.375286617308047
0.0018000000000000002	0.00002302920176543984	4.65019889609534
0.002	0.000024044128546864236	5.181856739779414
0.0022500000000000003	0.00002521611243194925	5.816875991606189
0.00249999	0.000026288605960532114	6.424214577644605
0.00274999	0.000027287889604141706	7.008110196900028
0.00299999	0.000028220220617903944	7.571687921173964
0.00324999	0.00002908997908040697	8.117556499387955
0.00349999	0.000029915936757028545	8.647748231313603
0.00374999	0.00003069809364776868	9.163865962287748
0.00399999	0.00003143019249750144	9.667406531722854
0.004499990000000001	0.00003280053137007816	10.64143478380937
0.00499999	0.00003405823965038829	11.577188458350154
0.005499990000000001	0.00003521583184868368	12.480329338612258
0.00599999	0.000036285822475216184	13.355355426863472
0.006499990000000001	0.00003728698329536355	14.205766119914074
0.00699999	0.000038225571564251705	15.034337796156155
0.00799999	0.00003994005946875408	16.634944140570184
0.008999990000000001	0.00004148560148485658	18.17156123942022
0.00999999	0.000042887226633062887	19.654543092497928
0.0109999	0.000044163706678750786	21.09182319621622
0.0119999	0.00004534632789754986	22.489788890668084
0.0129999	0.000046447604799711964	23.852987216509334
0.013999900000000001	0.00004747379464036302	25.18532252348884
0.0149999	0.000048437411929754864	26.490026233545706
0.0159999	0.00004933845666788749	27.769864495544095
0.016999900000000002	0.000050195700620138684	29.027111477021137
0.0179999	0.00005100914378650843	30.263602997817983
0.0199999	0.00005251088501672947	32.680934379884896
0.0224999	0.000054206601155854076	35.61201905487494
0.024999900000000002	0.00005573337140657881	38.45731392002148
0.0274999	0.000057128739299659204	41.22903530087488
0.0299999	0.00005841147660047302	43.936556688810455
0.0324999	0.00005959409781927211	46.58755973980287
0.0349999	0.0000606953747214342	49.18827733584693
0.037499899999999996	0.00006172782181721118	51.74368242239915
0.0399999	0.00006269143910660302	54.258111776592145
0.044999899999999995	0.0000644747568174905	59.177757313030384
0.0499999	0.0000660766141297263	63.9699662559676
0.0549999	0.00006754081182919184	68.6523860658445
0.059999899999999995	0.00006889237893639079	73.23827208360875
0.0649999	0.00007015008721670091	77.73815293219205
0.0699999	0.00007132019392524815	82.16085544799853
0.0799999	0.00007346017517831316	90.80285844430138
0.0899999	0.00007539366701222276	99.20878188855988
0.0999999	0.00007715195570260658	107.4115808693317
0.11	0.00007878509929047196	115.43629492535129
0.12	0.00008030561228607079	123.30195701878975
0.13	0.00008173226645478078	131.02473617216987
0.13999899999999998	0.00008309634807223157	138.61605997578474
0.149999	0.00008438534262817132	146.08788458049554
0.159999	0.00008561802188797775	153.44896067222845
0.169999	0.00008680064310677684	160.70699993614622
0.179999	0.0000879519780499463	167.8681350302673
0.199999	0.00009012950283376684	181.92118108923202
0.224999	0.00009268246292514261	199.0335014107357
0.249999	0.00009507899163837039	215.69501001927094
0.27499900000000005	0.00009733786073882789	231.95384808957255
0.299999	0.00009951538552264842	247.84651545325661
0.32499900000000004	0.00010159905147958013	263.40267897041286
0.349999	0.0001036451739057563	278.64580888947404
0.374999	0.00010559743750504368	293.5972036795057
0.39999900000000005	0.00010744332776719039	308.28230778241897
0.44999900000000004	0.0001110787929953505	336.9169170879581
0.499999	0.00011454531233511076	364.649246865923
0.549999	0.00011789294382747855	391.5682248367949
0.5999990000000001	0.00012105285766606868	417.7542718686942
0.649999	0.00012413768444314774	443.2743394917136
0.699999	0.00012715368141384171	468.174564728961
0.799999	0.00013286655534380763	516.3005535251685
0.899999	0.00013834791083411444	562.4423179031758
0.9999990000000001	0.0001435664616091326	606.8323217099128
1.1	0.00014857226570986944	649.6689986048849
1.2	0.00015334029411582132	691.1199251558161
1.3	0.00015805826448076578	731.3084593164181
1.4	0.00016258225993680668	770.3374688727697
1.5	0.00016697485303520328	808.3107965328982
1.6	0.0001712235292657037	845.3140913274867
1.7	0.00017538460392444116	881.4199502054428
1.8	0.0001794580770114158	916.6877801314726
2.	0.00018732344670469855	984.9258036130313
2.25	0.0001953640195415071	1066.6465842933164
2.5	0.00020296032726437524	1145.1870514724671
2.75	0.00021016242791431033	1220.9145331309203
3.	0.0002170141222771939	1294.1519133081604
3.25	0.0002236155264350406	1365.1532300884164
3.5	0.00022990406783659128	1434.1373569303942
3.75	0.00023604869237024579	1501.281855103219
4.	0.00024199308473987075	1566.7281475373456
4.5	0.000253543977702321	1693.0050331209995
5.	0.00026470066359183825	1813.7513026837426
5.5	0.00027564460280707413	1929.5599256188093
6.	0.0002863382518172733	2040.9065265357422
6.5	0.00029671903807117623	2148.22791283896
7.	0.00030689333490592393	2251.894595401923
8.	0.00032642848540904946	2449.5034754365265
9.	0.00034494996058177574	2635.9064170447855
10.	0.00036255787650611753	2812.784806920003
11.	0.00037917276604197583	2981.5002007610137
12.	0.00039502739908003453	3143.1405483958074
13.	0.0004101117640120925	3298.56772206229
14.	0.0004244809246832575	3448.5085492418502
15.	0.000438128623838404	3593.58034149851
16.	0.0004512381990527211	3734.2880455913964
17.	0.0004637426976963618	3871.055693420148
18.	0.00047570218941853467	4004.262105296621
20.	0.0004981012855927942	4261.244993351807
22.5	0.0005234907239917315	4567.422432602992
25.	0.0005463703773596618	4859.789706529718
27.5	0.0005669135716635732	5140.755314834878
30.	0.0005853618369513263	5412.219608127115
32.5	0.0006020217787240911	5675.659866202539
35.	0.0006168877654522542	5932.286084208128
37.5	0.0006300818136107714	6183.152468563507
40.	0.0006424768102897084	6428.977484149136
45.	0.0006622947887245256	6908.231443911022
50.	0.0006777689806509284	7374.955028562508
55.	0.0006895150999733074	7832.416870125271
60.	0.0006981532406746414	8283.17297716309
65.	0.0007036796484018549	8729.405702669972
70.	0.0007073420198270564	9172.760567931764
80.	0.0007084395423761431	10055.939438701993
90.	0.0007039361958620176	10941.483121311066
100.	0.0006950740454271758	11835.656652809213
110.	0.0006837265132563177	12743.076036968318
120.	0.0006705136933324228	13666.991427931129
130.	0.0006554337084789531	14610.738519042898
140.	0.0006403618580571471	15576.561142769151
150.	0.0006252968906159796	16565.366738751898
160.	0.000609986638773876	17578.507401431027
170.	0.0005949310572153973	18617.226520441003
180.	0.0005802546653175496	19682.239073603952
200.	0.0005522259167064987	21893.411714450365
225.	0.0005202530324719261	24812.984328635757
250.	0.0004915452465346105	27907.592169101754
275.	0.0004659743477370215	31177.476603999086
300.	0.00044316283587741246	34621.117546545975
325.	0.00042267151421849494	38236.766754840195
350.	0.00040431153880056864	42022.05306164036
375.	0.0003877067860180145	45974.183314234375
400.	0.00037260646508538545	50090.937578988334
450.	0.0003463540260594812	58807.628693220286
500.	0.00032411261271439484	68152.1843891302
550.	0.0003051296649761318	78106.91317231496
600.	0.0002886532484962103	88654.34074803506
650.	0.0002742445419726493	99779.10875943511
700.	0.00026152754694493244	111465.88958852677
800.	0.00024004075856803213	136472.12142417082
900.	0.00022275133692959968	163561.4777026611
1000.	0.00020853159951084155	192617.05939952904