# E_R [keV]  \xi_T*d_E/dx_T [keV/Å]  x_T [Å]
0.0011	5.9607388304175085e-6	2.5877810942195105
0.0012	6.11530772983899e-6	2.9762995594470043
0.0013000000000000002	6.3438823447410605e-6	3.352436523775304
0.0014	6.5598104133268275e-6	3.715413298889434
0.0015	6.768478427545828e-6	4.0668257520111135
0.0016	6.965202481354986e-6	4.407861809485426
0.0017	7.154666480797378e-6	4.739578678084584
0.0018000000000000002	7.337338816477312e-6	5.062777518310794
0.002	7.683947863664878e-6	5.686358705127563
0.0022500000000000003	8.086763783369345e-6	6.428767866744695
0.00249999	8.459134313793824e-6	7.136381108857903
0.00274999	8.808085314002927e-6	7.814470114530105
0.00299999	9.133616783996653e-6	8.467084401045632
0.00324999	9.445096535861155e-6	9.09732278048715
0.00349999	9.735498710531817e-6	9.707783033070056
0.00374999	0.000010014191120094791	10.300666765648476
0.00399999	0.00001027883181152854	10.877672473142228
0.004499990000000001	0.000010775325852094513	11.989854551199363
0.00499999	0.000011232006691294347	13.053902962375831
0.005499990000000001	0.000011660584094235728	14.076822404750907
0.00599999	0.00001205871610789712	15.064090020326214
0.006499990000000001	0.000012433428591343138	16.02023323596687
0.00699999	0.000012789405450616854	16.94868505186109
0.00799999	0.000013445152296647382	18.733676564652324
0.008999990000000001	0.00001404235031713947	20.43741314715183
0.00999999	0.000014592709277200807	22.07291537415327
0.0109999	0.000015100913082874468	23.650007149531437
0.0119999	0.000015576329546246602	25.176710736750742
0.0129999	0.000016023642573360283	26.65884011373255
0.013999900000000001	0.000016442852164215514	28.101427316429366
0.0149999	0.000016840984177876905	29.508607386874885
0.0159999	0.00001721803861434446	30.883769540709896
0.016999900000000002	0.00001757869937966125	32.229780703676724
0.0179999	0.00001792062452080574	33.549157033269125
0.0199999	0.00001856934550777166	36.11627182339594
0.0224999	0.000019307060709556	39.20725776596268
0.024999900000000002	0.000019983885132780376	42.18712735282912
0.0274999	0.00002061152854255245	45.07132080059167
0.0299999	0.00002119701679793685	47.87186600678983
0.0324999	0.00002174503380497665	50.59850596834917
0.0349999	0.000022257921516693388	53.25945107596061
0.037499899999999996	0.000022745047745173202	55.8613253347389
0.0399999	0.000023211096396459193	58.40924019030436
0.044999899999999995	0.000024072935108385025	63.361279810226385
0.0499999	0.00002486685718268627	68.14604499870883
0.0549999	0.000025602230431449082	72.78591916324484
0.059999899999999995	0.0000262884226667596	77.29876659692773
0.0649999	0.000026932459747682438	81.69890501219842
0.0699999	0.000027543709486303753	85.99770322174405
0.0799999	0.00002867253084268488	94.32794427760271
0.0899999	0.000029702990172161425	102.3505426593414
0.0999999	0.00003065850700494876	110.10946831662888
0.11	0.0000315507911061546	117.63812530156358
0.12	0.00003238686833484352	124.96334261914498
0.13	0.00003318079040914476	132.10654952326158
0.13999899999999998	0.00003393255732905834	139.08459173330107
0.149999	0.00003465153690667038	145.91375142678672
0.159999	0.00003534007109500244	152.60557879937184
0.169999	0.0000359981598940545	159.17112449538337
0.179999	0.00003663282916289119	165.61988088923263
0.199999	0.00003784830278106921	178.19671265576082
0.224999	0.000039288603889314836	193.3755417282838
0.249999	0.00004060478148741897	208.03099094898823
0.27499900000000005	0.000041874120025092356	222.22771845038596
0.299999	0.000043073199972119605	236.01178757332835
0.32499900000000004	0.00004422544085871611	249.4245541121884
0.349999	0.00004530976510768802	262.5025012477938
0.374999	0.00004637301177946609	275.27438472378634
0.39999900000000005	0.000047394103296856475	287.7621827670377
0.44999900000000004	0.000049347292116818846	311.96874128882644
0.499999	0.000051171673520596644	335.26634140130625
0.549999	0.000052939848051857534	357.7602123992127
0.5999990000000001	0.000054600292744127685	379.53661326334105
0.649999	0.00005620218861085941	400.6728085683545
0.699999	0.000057764271276224985	421.2221729920751
0.799999	0.000060710448177319306	460.7534555828132
0.899999	0.00006347629469575521	498.46885478886406
0.9999990000000001	0.00006612738551613578	534.6082438161205
1.1	0.00006864030110824562	569.3629933911848
1.2	0.00007105719662647242	602.8913239148469
1.3	0.00007337338816477313	635.320970240498
1.4	0.0000756146372063846	666.759131579034
1.5	0.00007779733742245765	697.2904940906321
1.6	0.00007990275318881994	726.991442690835
1.7	0.00008194727817662229	755.9309582940207
1.8	0.00008393091238586463	784.1678637308388
2.	0.0000877904509653586	838.72447705513
2.25	0.0000917319579006064	903.9223062455334
2.5	0.00009538540461420505	966.4964021789301
2.75	0.00009883744336795147	1026.7819653108636
3.	0.00010205997072558723	1085.0652442902456
3.25	0.00010513963894890917	1141.577382274715
3.5	0.00010807878999093885	1196.4947359697314
3.75	0.0001109148951000209	1249.9648443459582
4.	0.00011367371575939219	1302.1039311422317
4.5	0.00011910938872238099	1402.7213200759606
5.	0.00012444669965846518	1498.888860926849
5.5	0.0001297465393462048	1591.0311096234373
6.	0.0001349550428661044	1679.5125949681556
6.5	0.00014006986826514253	1764.671010338719
7.	0.00014506057015403916	1846.809890495492
8.	0.00015471175855579565	2003.0725681364415
9.	0.00016386879487000766	2150.0990224544375
10.	0.00017252465323761064	2289.3369242550625
11.	0.00018076130201435839	2421.915741820131
12.	0.00018857405729420782	2548.731537662954
13.	0.0001960074161845682	2670.5194768904526
14.	0.0002030803485049139	2787.879935107232
15.	0.00020981416602774096	2901.3162305455085
16.	0.0002162536000557608	3011.245270961099
17.	0.00022239724541716035	3118.020059337181
18.	0.00022824416533073113	3221.954350593256
20.	0.00023930075974071233	3422.304764960432
22.5	0.00025156861225343277	3660.787932235895
25.	0.00026268914198090195	3888.44083016581
27.5	0.00027265672823586807	4107.128137285662
30.	0.0002817015850003485	4318.31918861477
32.5	0.0002898209019307172	4523.164845062319
35.	0.000297012805464557	4722.670312489361
37.5	0.0003035096173416045	4917.633248739761
40.	0.00030931016658534885	5108.684351121572
45.	0.0003190531595455496	5481.191466719234
50.	0.00032670408587161075	5843.69120288595
55.	0.00033249362793615387	6198.827312495797
60.	0.00033688713180455844	6548.589473860289
65.	0.0003401171534118631	6894.411861472919
70.	0.00034194809228410116	7237.676950924432
80.	0.0003432818345298669	7920.735062289378
90.	0.0003418190506726145	8604.010614409042
100.	0.0003382585794939708	9292.453213359266
110.	0.0003333006649473757	9989.752035648196
120.	0.00032764601937687317	10698.290019521195
130.	0.00032105904230849655	11420.246470527307
140.	0.0003142416170628006	12157.52672719392
150.	0.0003074272363560326	12910.974465665066
160.	0.0003003812364954346	13681.606814874061
170.	0.0002933373443925559	14470.580382467797
180.	0.0002865295211542483	15278.427687965086
200.	0.0002736204419042308	16951.568133707668
225.	0.0002583689412420715	19154.19059253683
250.	0.00024476195999163585	21483.324723964197
275.	0.00023258731720917259	23938.064929664615
300.	0.0002216102086847424	26517.788900293705
325.	0.00021175950930508118	29221.366741058522
350.	0.0002028708842266676	32046.97090838546
375.	0.00019482690792500172	34992.74502092298
400.	0.00018753359782532932	38056.54184815068
450.	0.00017477669868265144	44529.89128692396
500.	0.00016401350414720848	51450.90104469074
550.	0.00015477482735066562	58804.653609635774
600.	0.0001467557225900885	66578.15655446576
650.	0.00013974501596152503	74758.47568599756
700.	0.00013355507018888966	83333.04356892032
800.	0.00012309806259148254	101620.83426205162
900.	0.00011463415069352477	121355.6144762141
1000.	0.00010764742566390185	142453.78607389133