# E_R [keV]  \xi_T*d_E/dx_T [keV/Å]  x_T [Å]
0.0011	0.0004981357287237749	1.181705323744779
0.0012	0.0005234495434585627	1.2909236832930662
0.0013000000000000002	0.0005498840799470272	1.3948424734831566
0.0014	0.0005754655297274692	1.4939411785270735
0.0015	0.0006003109831323623	1.5887903013022047
0.0016	0.0006246490450965359	1.6798290921549592
0.0017	0.0006481228688924513	1.7674457717728962
0.0018000000000000002	0.0006709276050742317	1.8519889933423084
0.002	0.0007148086011012756	2.012948137399109
0.0022500000000000003	0.0007671089496061893	2.201095026103836
0.00249999	0.0008169002195580957	2.3771067591650525
0.00274999	0.0008649072558723079	2.542883454900148
0.00299999	0.0009105167282358683	2.699912072484735
0.00324999	0.0009542862096605561	2.8494185802167418
0.00349999	0.0009968847877605074	2.9923045608935603
0.00374999	0.0010376433749215864	3.129336704630957
0.00399999	0.001077788631769708	3.26113015965856
0.004499990000000001	0.001153897347877605	3.51097720901244
0.00499999	0.001225824266397156	3.745291309492716
0.005499990000000001	0.0012947402906530981	3.9665079182196497
0.00599999	0.0013600878476336517	4.176536547526703
0.006499990000000001	0.001423539656374155	4.376846973864347
0.00699999	0.0014840920854534048	4.568608330237923
0.00799999	0.0015991193977835088	4.930308568534525
0.008999990000000001	0.0017070097755628355	5.267608758716497
0.00999999	0.0018083765491043423	5.584829815583584
0.0109999	0.001904892437443368	5.885123003617774
0.0119999	0.0019971707708928694	6.170905826722337
0.0129999	0.002084821248344602	6.444091295718102
0.013999900000000001	0.0021693493169303688	6.706218946344923
0.0149999	0.0022498071025301458	6.9585623240231245
0.0159999	0.00232842489719105	7.2021382452297
0.016999900000000002	0.002403529981877744	7.437796358823027
0.0179999	0.002476237502613787	7.666320116016409
0.0199999	0.0026156307555586533	8.104336141310217
0.0224999	0.0027786093469017916	8.62113367001099
0.024999900000000002	0.0029314401094305428	9.109353123045773
0.0274999	0.003075405461072001	9.573449659388631
0.0299999	0.003211620547849724	10.016866265586192
0.0324999	0.0033412562730884506	10.44229258117945
0.0349999	0.0034644241513905345	10.851918759162627
0.037499899999999996	0.0035827969017913157	11.24750655210472
0.0399999	0.003695872708580191	11.630513065212238
0.044999899999999995	0.003909478929392905	12.36357818384066
0.0499999	0.004107696135080505	13.058995519184425
0.0549999	0.004293981278316024	13.722596477638545
0.059999899999999995	0.0044690034467135984	14.3588339477836
0.0649999	0.004633933543597964	14.971317694405235
0.0699999	0.004790555802606816	15.562911288173916
0.0799999	0.0050823895169721895	16.69221574631828
0.0899999	0.0053486863873980625	17.76111835143905
0.0999999	0.005594743357496341	18.780008494774485
0.11	0.005823515564229455	19.75654968990429
0.12	0.0060368429985362786	20.69668842763226
0.13	0.006236509894054506	21.605226360742087
0.13999899999999998	0.006428203495504286	22.48557294563132
0.149999	0.006602500818986547	23.341308534942026
0.159999	0.0067761848121558515	24.174788388447915
0.169999	0.006932862828465881	24.98817208590524
0.179999	0.007088425698752352	25.783494648958623
0.199999	0.007376690945842337	27.324769122594883
0.224999	0.007704543876768663	29.172940049749823
0.249999	0.008001730292047118	30.947643355748504
0.27499900000000005	0.008275498640830837	32.660177488430605
0.299999	0.00853086708022583	34.318771699273064
0.32499900000000004	0.00876225988011431	35.93071372507169
0.349999	0.00898194364675542	37.50175428357921
0.374999	0.0091888032341256	39.03586880569388
0.39999900000000005	0.009378378058130618	40.5372345663799
0.44999900000000004	0.009732436920610581	43.45426749231275
0.499999	0.010050253537324876	46.272277543657985
0.549999	0.010343536941520876	49.005889045253745
0.5999990000000001	0.010606711403080782	51.66687128971695
0.649999	0.010845910225134174	54.265692035874494
0.699999	0.01107172729490486	56.80943622992169
0.799999	0.011469276852303617	61.75491830162993
0.899999	0.011823335714783579	66.541359477267
0.9999990000000001	0.01213446145535652	71.19494803865712
1.1	0.012408229804140237	75.73791739822576
1.2	0.01265690736739388	80.18639591104126
1.3	0.012886069875235242	84.5516415774333
1.4	0.013090141597546526	88.84408956694203
1.5	0.013276370983480865	93.07313786168574
1.6	0.013448661044120723	97.24559205337923
1.7	0.013614260228619224	101.36589308308187
1.8	0.013761459503729003	105.43904983005685
2.	0.014029094549383147	113.4638513058995
2.25	0.014315129504426012	123.29703115817124
2.5	0.014555443472502963	132.95164258514143
2.75	0.014768436363002718	142.45748308458042
3.	0.01495410817592528	151.83582884365046
3.25	0.015113574057294207	161.1068207008227
3.5	0.01525798546734509	170.28520161201243
3.75	0.01538232424897191	179.3832183193777
4.	0.015497741862410258	188.41078193123187
4.5	0.015687874259427057	206.28565854346988
5.	0.015841206837666412	223.96733546558877
5.5	0.015970006203387465	241.49279190818848
6.	0.016075387502613787	258.890487586762
6.5	0.01616348403847494	276.1843379148369
7.	0.016240986687112286	293.3899977237995
8.	0.0163547315815153	327.59391707172824
9.	0.016441712971352895	361.5916537991143
10.	0.016504718721683975	395.4354580549017
11.	0.016550997281661674	429.1685976366544
12.	0.016587797100439117	462.81787398767403
13.	0.01661623332403987	496.4012248594551
14.	0.01663742109848749	529.9350670947241
15.	0.01665749372691155	563.4274935238122
16.	0.016671990625217816	596.8854132065098
17.	0.01668816024255942	630.3126239369717
18.	0.016699311702795008	663.7122358524513
20.	0.016721614623266188	730.448985598267
22.5	0.016755069003972955	813.7282043532606
25.	0.016788523384679725	896.8410851638732
27.5	0.016827553495504285	979.7759080576872
30.	0.016872159336446643	1062.503768287228
32.5	0.016916765177389	1145.0109326583658
35.	0.016955795288213563	1227.3143666715816
37.5	0.016994825399038127	1309.4319400859604
40.	0.017045006970098277	1391.3348766079343
45.	0.01714537011221858	1554.417819210288
50.	0.017256884714574476	1716.5038862397369
55.	0.017385126507283754	1877.4682584197349
60.	0.01752451976022862	2037.1986310546913
65.	0.01768064020352687	2195.5883301370636
70.	0.01784791210706071	2352.5332719497906
80.	0.018204758834599565	2661.898265115554
90.	0.018595059942845195	2964.9774475765084
100.	0.019006548825538438	3261.5847461521344
110.	0.019437552763643968	3551.684614302398
120.	0.019878035442949745	3835.347545963609
130.	0.020327996863455773	4112.728554617624
140.	0.020788552171185616	4383.962509931327
150.	0.02125078019795079	4649.239259708361
160.	0.02171802638182198	4908.780774213064
170.	0.02219363616086987	5162.747409092499
180.	0.022670361085941313	5411.319695199738
200.	0.02363105938523733	5893.0998620534965
225.	0.024839320101763436	6468.401686190449
250.	0.026053156548407334	7016.308732412992
275.	0.027270338433121908	7539.2202701574615
300.	0.028483617306754028	8039.328792306872
325.	0.02970024161845682	8518.543866427348
350.	0.03091017505401826	8978.56365208305
375.	0.0321173206245208	9420.938401709087
400.	0.03331944803791733	9847.020127379441
450.	0.03570641810134523	10655.063747728549
500.	0.03806049135707813	11411.122181693278
550.	0.04038166780511605	12122.08788581146
600.	0.042669947445458975	12793.564736969733
650.	0.04491640910991845	13430.253417889015
700.	0.04712384066355336	14036.11769441825
800.	0.051409346832090336	15168.242952665683
900.	0.05551531449083432	16211.37149383508
1000.	0.059417768000278814	17181.698166283655