# E_R [keV]  \xi_T*d_E/dx_T [keV/Å]  x_T [Å]
0.0011	0.000017130790349352195	2.3568293786995844
0.0012	0.00001762770273990922	2.6613296945250555
0.0013000000000000002	0.00001825518679053815	2.956072492423828
0.0014	0.000018855182070625623	3.240955337924887
0.0015	0.000019422930908347167	3.517145566457761
0.0016	0.000019964776866135414	3.785560325412813
0.0017	0.000020486534876220294	4.046916508851945
0.0018000000000000002	0.0000209829186365746	4.301854795104434
0.002	0.000021922294506808475	4.794661566257751
0.0022500000000000003	0.000023005986422384974	5.382876895247902
0.00249999	0.00002400509750552623	5.945020979097615
0.00274999	0.000024930200360286657	6.485100350762867
0.00299999	0.00002580244019477506	7.006048338100165
0.00324999	0.000026611244404937027	7.510290007406134
0.00349999	0.000027377758198881384	7.999831107356101
0.00374999	0.000028101981576608112	8.476218764988667
0.00399999	0.000028789200840144427	8.940793148534778
0.004499990000000001	0.000030079058534781817	9.838629797288613
0.00499999	0.00003124733128279356	10.70048718213787
0.005499990000000001	0.000032331023198370063	11.531851669018193
0.00599999	0.00003333542058353852	12.336791966184943
0.006499990000000001	0.00003427638234438055	13.11858611035252
0.00699999	0.00003515919478292336	13.879851612487107
0.00799999	0.0000367768032032473	15.349203766681626
0.008999990000000001	0.00003823582256275517	16.75836953399798
0.00999999	0.00003956268437158298	18.117120098344806
0.0109999	0.00004077853383783954	19.432783399060725
0.0119999	0.000041899229867606456	20.711415894974294
0.0129999	0.00004294591766899253	21.957410348905512
0.013999900000000001	0.00004392388354402499	23.174370701987648
0.0149999	0.000044838413794731004	24.365402981889602
0.0159999	0.000045705367327192206	25.533009394568943
0.016999900000000002	0.00004651945783938138	26.679340655487735
0.0179999	0.000047296544237380134	27.80624206079424
0.0199999	0.0000487344183887792	30.007716404679833
0.0224999	0.00005036788571518474	32.674283597132906
0.024999900000000002	0.00005184276398077423	35.25983405690805
0.0274999	0.00005318548469568364	37.77610577078385
0.0299999	0.00005442247937004901	40.23212015878083
0.0324999	0.000055569606909951944	42.63493675062139
0.0349999	0.00005663743991944683	44.990359772158705
0.037499899999999996	0.00005764183730461529	47.30309277326095
0.0399999	0.000058582799065457325	49.57712729541251
0.044999899999999995	0.00006031670613037972	54.022308094966434
0.0499999	0.00006188145153043163	58.34767909646657
0.0549999	0.00006331932568183069	62.569441142475995
0.059999899999999995	0.0000646409011886313	66.70022626327513
0.0649999	0.00006586732325894228	70.75045882368332
0.0699999	0.0000670197371008724	74.72824371332348
0.0799999	0.00006912368530769897	82.49233396114329
0.0899999	0.00007102146773546464	90.03514976546566
0.0999999	0.00007275008849835984	97.38801687723446
0.11	0.00007435712431462937	104.57441209793717
0.12	0.00007584786148630045	111.61264242105224
0.13	0.0000772540178255363	118.51784142373238
0.13999899999999998	0.0000785861659363913	125.3010710873998
0.149999	0.0000798495921208927	131.9739026135677
0.159999	0.00008106015528512205	138.5441849123129
0.169999	0.00008221785542907937	145.01921250077953
0.179999	0.0000833385514588463	151.4051717481812
0.199999	0.00008546364487378169	163.93049149426884
0.224999	0.00008795877943062121	179.16988646854028
0.249999	0.00009025303451042707	194.00027547482713
0.27499900000000005	0.00009246799505982487	208.46536797879259
0.299999	0.00009459308847476027	222.59446065004903
0.32499900000000004	0.00009658602433901558	236.41946318506913
0.349999	0.00009854195608908047	249.9649748196365
0.374999	0.00010041859330873733	263.2492271862345
0.39999900000000005	0.00010220536339393177	276.29351108528107
0.44999900000000004	0.00010573132684607578	301.71580406030046
0.499999	0.0001090088341029413	326.3316328979415
0.549999	0.00011219118792331715	350.22923986473273
0.5999990000000001	0.00011520966638084974	373.4753806673093
0.649999	0.00011817528181811028	396.1258449411809
0.699999	0.00012102988491279961	418.22476434066294
0.799999	0.00012647477600081808	460.93955893086957
0.899999	0.0001316764971955853	501.89353625704524
0.9999990000000001	0.00013661918959101957	541.2991592461955
1.1	0.00014138214771752897	579.3298698753147
1.2	0.00014596008527308625	616.1238953676811
1.3	0.00015039000637188192	651.7995915199431
1.4	0.00015466662471188866	686.4571994957593
1.5	0.00015883223070932418	720.1817320227162
1.6	0.00016288682436418843	753.0443391666734
1.7	0.00016681983307242706	785.110973114497
1.8	0.00017067883355228482	816.437439203244
2.	0.00017811666050455865	877.0582035036158
2.25	0.0001856337819872405	949.6899637287644
2.5	0.0001926909951935557	1019.5523299138704
2.75	0.00019953675631878285	1086.940834843148
3.	0.00020613934755075875	1152.0949347251753
3.25	0.00021254634560772807	1215.223871171377
3.5	0.00021869431486536448	1276.5153610322823
3.75	0.0002247259854784025	1336.1235635523217
4.	0.00023054091770832516	1394.1801443250347
4.5	0.00024184303144248392	1506.0889536768636
5.	0.0002525689382556777	1613.0092831981112
5.5	0.0002629036587188584	1715.5631994947269
6.	0.0002728841969462166	1814.2276691080797
6.5	0.0002824999803336978	1909.4101635477018
7.	0.00029179329929751965	2001.4589888720052
8.	0.00030958699192108307	2177.2656555591675
9.	0.00032638685976353236	2343.5053918053595
10.	0.00034226691105324845	2501.620379180646
11.	0.00035741745266321064	2652.722888226723
12.	0.00037182791198936454	2797.699768595618
13.	0.0003856473627488771	2937.2738472396754
14.	0.0003988662895980994	3072.0371780967207
15.	0.00041158407501514307	3202.487136101429
16.	0.00042374468419851944	3329.050800683088
17.	0.0004353967511268792	3452.1075458139367
18.	0.0004466433586897523	3571.969725634557
20.	0.0004677515626843715	3803.1763628076023
22.5	0.0004919141919903085	4078.5449308104435
25.	0.0005138031827943456	4341.306555878527
27.5	0.0005337235547234526	4593.5776175026385
30.	0.0005515077320033668	4837.086735165709
32.5	0.0005677308642946485	5073.204485194486
35.	0.0005823887225556752	5302.9800510301275
37.5	0.0005954765491146231	5527.349599330794
40.	0.000607520859653401	5747.034908362001
45.	0.0006274137428119666	6174.844484182282
50.	0.0006431114166817442	6590.723171725455
55.	0.0006551340533822107	6997.758410292523
60.	0.0006645336270167793	7398.19733665885
65.	0.0006707767497109053	7793.942953266111
70.	0.0006743899371464983	8186.820011982931
80.	0.000676886657593946	8968.648923976565
90.	0.0006735975204726206	9751.043148228908
100.	0.0006661004869376421	10539.894206251714
110.	0.0006559756326649413	11339.368586775074
120.	0.000643748416076022	12152.65070434913
130.	0.000629944824222591	12982.672751370268
140.	0.0006161491618222009	13831.137758825225
150.	0.0006018306841513204	14699.191283387136
160.	0.0005875169641522644	15588.176233018776
170.	0.0005732080018250328	16499.11968459263
180.	0.0005594313701119405	17432.678111581692
200.	0.0005329438251744401	19369.081622133453
225.	0.0005023313787651135	21924.146407665514
250.	0.00047495436064851597	24630.86984261719
275.	0.00045054538966811153	27488.85452641844
300.	0.00042862690129876266	30497.26105859439
325.	0.0004090390377671667	33654.54324144596
350.	0.00039135799623980295	36958.63763604679
375.	0.0003754245004365919	40407.39215248173
400.	0.00036092073787965796	43998.5134272142
450.	0.0003356195448431022	51599.46637108798
500.	0.0003142362945540076	59744.22349603138
550.	0.00029587062405110094	68417.91494876945
600.	0.00027999300446031734	77605.93477607593
650.	0.00026607390690759196	87293.96076017451
700.	0.0002537428673468585	97470.25366951214
800.	0.00023299751512338636	119240.00795787285
900.	0.0002162745101124126	142813.9414949152
1000.	0.00020246235444969753	168095.5916268515