# E_R [keV]  \xi_T*d_E/dx_T [keV/Å]  x_T [Å]
0.0011	0.00011735803525774656	1.2994358107699902
0.0012	0.0001236757745245344	1.39951325291236
0.0013000000000000002	0.00013005379756295184	1.4945658320235506
0.0014	0.00013625217496191291	1.5851214677474625
0.0015	0.00014231792806328875	1.671690131951053
0.0016	0.00014825587956880976	1.7546785135021057
0.0017	0.00015394305058435138	1.8344730923094847
0.0018000000000000002	0.00015950242000403815	1.911406418681598
0.002	0.00017024016540671225	2.0576772651205064
0.0022500000000000003	0.00018311557335137386	2.2283065766024452
0.00249999	0.00019535679601849156	2.3875974970986373
0.00274999	0.000207089223653055	2.5374056397715727
0.00299999	0.00021843704082462115	2.6790834023630605
0.00324999	0.00022928329701622866	2.8137336630365
0.00349999	0.00023974855977113664	2.9422686016248663
0.00374999	0.00024996063068520016	3.0653742348499047
0.00399999	0.0002597868854608339	3.183637964598202
0.004499990000000001	0.00027869187624389354	3.4075677945991836
0.00499999	0.0002967046672068344	3.6171206603438684
0.005499990000000001	0.00031383731510398227	3.814607791751766
0.00599999	0.0003303309550218558	4.0017829178787245
0.006499990000000001	0.00034607707617152165	4.1800343353204905
0.00699999	0.0003613168136394983	4.350480027919797
0.00799999	0.0003903977050736438	4.671287203335946
0.008999990000000001	0.00041759774283294394	4.969735173783602
0.00999999	0.00044339919709043607	5.249812154487898
0.0109999	0.0004679467488980315	5.514387141644909
0.0119999	0.0004913730225533154	5.765750951568802
0.0129999	0.000513786528845221	6.005650388302101
0.013999900000000001	0.0005353198920713336	6.235502993848541
0.0149999	0.0005562142473181719	6.45641849293025
0.0159999	0.0005762405162535433	6.669348576451403
0.016999900000000002	0.000595639833963966	6.875116694599232
0.0179999	0.0006144122004494406	7.0743933391474165
0.0199999	0.0006504377823753221	7.4556932155764235
0.0224999	0.0006927690468136658	7.9044925787874805
0.024999900000000002	0.0007326045631065414	8.327418073401478
0.0274999	0.0007701734095861424	8.728558266385583
0.0299999	0.0008058614023908979	9.111055474862242
0.0324999	0.0008399217333616527	9.477341948692997
0.0349999	0.0008724749700416664	9.829378250225917
0.037499899999999996	0.0009036537367285238	10.16878231234275
0.0399999	0.0009335786009654843	10.496899125663788
0.044999899999999995	0.0009903056300689895	11.12355392928581
0.0499999	0.0010433794626117374	11.716373563306808
0.0549999	0.00109321002824081	12.280640133624136
0.059999899999999995	0.0011401590295859849	12.820459792027714
0.0649999	0.0011847328503289518	13.339033709558013
0.0699999	0.0012271726255562287	13.838902020546472
0.0799999	0.00130690394191361	14.790344249557053
0.0899999	0.0013792806381321733	15.687902736131083
0.0999999	0.0014466296677968235	16.541143322440195
0.11	0.0015102049333574575	17.356593749463034
0.12	0.0015688007593814817	18.139687940085125
0.13	0.0016248646669970606	18.89468417924134
0.13999899999999998	0.001677203037525927	19.62481179997946
0.149999	0.0017270094896463476	20.33311850685168
0.159999	0.0017743322503756263	21.02177200976224
0.169999	0.0018191472062051117	21.692782963227828
0.179999	0.0018626841460760483	22.347703689924415
0.199999	0.0019447424160183345	23.614142157414356
0.224999	0.002037326232487158	25.127732064719297
0.249999	0.0021235681961805416	26.576320836362573
0.27499900000000005	0.002201105183250604	27.97008252087955
0.299999	0.0022747960656906937	29.316804067404643
0.32499900000000004	0.002342265662898603	30.622334468698355
0.349999	0.0024059253257395184	31.89185793738312
0.374999	0.002465847394739395	33.12919441724046
0.39999900000000005	0.002523116977787567	34.337467031540214
0.44999900000000004	0.0026265639299040545	36.67810113302077
0.499999	0.002721088883819353	38.93230146319962
0.549999	0.002806812407076722	41.11300983963171
0.5999990000000001	0.0028849401751087547	43.23103520632888
0.649999	0.002958004106323896	45.29428173577493
0.699999	0.003024798525289553	47.30929940121786
0.799999	0.003146812879067975	51.21535651245631
0.899999	0.003253635722395723	54.98186503850991
0.9999990000000001	0.0033488840815705774	58.633285648010954
1.1	0.0034340047671116494	62.18778361344573
1.2	0.0035115296974273856	65.6590904180733
1.3	0.003581338304974525	69.05836866949191
1.4	0.003645962508161515	72.39450609065474
1.5	0.003705402306988355	75.67433693839968
1.6	0.0037597782689983033	78.90420300367244
1.7	0.0038102960696239536	82.08939473608017
1.8	0.0038581613842978996	85.23372919636485
2.	0.003942317529492898	91.41418485763549
2.25	0.004034069429913232	98.97017642665107
2.5	0.0041141262786374136	106.36705568305355
2.75	0.004182367508122183	113.63195091107451
3.	0.004242651279751837	120.78628321488378
3.25	0.004295098161069637	127.84630840689832
3.5	0.004342119502940768	134.8251908418541
3.75	0.004383835872908488	141.7331813383928
4.	0.004421452946405393	148.5790116158612
4.5	0.004484750906616531	162.11304116687933
5.	0.004535630409871959	175.47674727403745
5.5	0.004578190752642496	188.70391929958
6.	0.004612431934928139	201.8207123066654
6.5	0.0046398007672480025	214.8506037903292
7.	0.004662708600467272	227.81039800445714
8.	0.004696829215209656	253.56757646102128
9.	0.00471889307562611	279.17262140249755
10.	0.004731673235211597	304.68452228250464
11.	0.004738063315004339	330.1457185406189
12.	0.004739389557980192	355.5870192795352
13.	0.00473806331500434	381.0286975899821
14.	0.004733361180817227	406.48665113006837
15.	0.004726368263308187	431.97634998152324
16.	0.004717205130020479	457.5100113952867
17.	0.004707318591473215	483.0955836972514
18.	0.004696588080123137	508.73725055555826
20.	0.004673077409187572	560.2065908619574
22.5	0.004641609280396893	624.924783025335
25.	0.004610743989322509	690.0802350396311
27.5	0.004579516995618348	755.6770562623318
30.	0.004550821920322632	821.7047933928491
32.5	0.004522488547656694	888.1471021318794
35.	0.0044959636881396455	954.9940763606663
37.5	0.004470644504055192	1022.2279259810224
40.	0.004447736670835922	1089.8257108770686
45.	0.004406743706127757	1226.0665293204395
50.	0.004428445863914433	1362.5933806849323
55.	0.004436885591942584	1498.5491947242526
60.	0.004424828837616654	1634.5651518768655
65.	0.004403126679829978	1771.1214857511814
70.	0.0043766018203129295	1908.4385661562044
80.	0.0043223464258462406	2185.6578371204423
90.	0.004277736434840296	2466.1128284236597
100.	0.0042475945490254696	2749.036124040368
110.	0.004230715092969165	3033.521407135471
120.	0.004225892391238794	3318.736601058411
130.	0.004234332119266946	3603.8163443622125
140.	0.004250005899890655	3888.0791835334226
150.	0.004276530759407703	4170.932195098257
160.	0.004309083996087717	4451.825843274725
170.	0.004347665609930696	4730.4083221717265
180.	0.004391069925504048	5006.371786592177
200.	0.004488729635544087	5549.625985899978
225.	0.004628587985724886	6211.074401931926
250.	0.004780503090231617	6851.940822940997
275.	0.0049403756525934605	7472.207612390515
300.	0.005104226943882862	8072.466121357543
325.	0.005273021504445896	8653.469157897323
350.	0.0054431423079847815	9216.079534369757
375.	0.005614951057129298	9761.28803445038
400.	0.005787362643990109	10290.028844471672
450.	0.006132065250168474	11301.819975580145
500.	0.006474838775654691	12258.383467098267
550.	0.006814236409929647	13165.807085761417
600.	0.007149655315277046	14029.36141093312
650.	0.0074821805995862216	14853.479376537545
700.	0.00781072715496784	15641.957446094593
800.	0.00845805429472707	17124.75655087358
900.	0.009095494895939039	18498.94938398918
1000.	0.009724013498949819	19780.634086574824