# E_R [keV]  \xi_T*d_E/dx_T [keV/Å]  x_T [Å]
0.0011	0.0004203651779603012	1.5308096413913161
0.0012	0.0004429915468856947	1.6714155901162515
0.0013000000000000002	0.00046664914442162903	1.8048225024643982
0.0014	0.0004896273442847364	1.9317009049654295
0.0015	0.0005120050051334702	2.0528323158301847
0.0016	0.0005337881930184805	2.1688477754684357
0.0017	0.0005550921629021218	2.280271538831627
0.0018000000000000002	0.0005758683863791924	2.387548416506957
0.002	0.000616146962696783	2.5911395384836973
0.0022500000000000003	0.0006643478011635866	2.82804738703689
0.00249999	0.0007105771731690622	3.048665032297875
0.00274999	0.000754859342915811	3.2556601497556428
0.00299999	0.0007978069815195072	3.451018686371058
0.00324999	0.0008388134839151266	3.636354713301302
0.00349999	0.0008790920602327172	3.812918436128325
0.00374999	0.0009174901608487338	3.9817503921850643
0.00399999	0.0009557669404517454	4.143676719395348
0.004499990000000001	0.0010284382272416153	4.449417463150967
0.00499999	0.0010978945071868584	4.734735441958897
0.005499990000000001	0.0011646817248459958	5.002858360342291
0.00599999	0.001228193275154004	5.256381846306509
0.006499990000000001	0.0012903702943189597	5.497252985037646
0.00699999	0.0013499389117043118	5.727007802515313
0.00799999	0.0014645266084873374	6.158148723286841
0.008999990000000001	0.001572562970568104	6.557652956803361
0.00999999	0.0016753825290896647	6.931215793470736
0.0109999	0.0017736525496235456	7.282960652343341
0.0119999	0.0018679796372347709	7.6161306213290825
0.0129999	0.001959091718001369	7.933148999486832
0.013999900000000001	0.002046321526351814	8.236048592199158
0.0149999	0.0021309429329226556	8.526493683365182
0.0159999	0.0022136232032854207	8.805747181815311
0.016999900000000002	0.002293027806297057	9.074953726174781
0.0179999	0.0023705519336071185	9.335105608374747
0.0199999	0.0025197161190965095	9.831297417873891
0.0224999	0.0026965414955509924	10.412787224137489
0.024999900000000002	0.002863782511978097	10.958285752379133
0.0274999	0.0030231983230663926	11.473511839622464
0.0299999	0.003175516854893908	11.962820377915037
0.0324999	0.00332140537303217	12.429665805237658
0.0349999	0.0034614704825462013	12.876828575435393
0.037499899999999996	0.0035964401095140313	13.306569258169478
0.0399999	0.003727466803559206	13.720701051952421
0.044999899999999995	0.003976053559206024	14.508133653844126
0.0499999	0.004210567077344285	15.249113143005161
0.0549999	0.004433373117727584	15.95088098485685
0.059999899999999995	0.0046447143223819305	16.619083917958974
0.0649999	0.004847017111567421	17.25816751406561
0.0699999	0.005040342145790555	17.871675969347354
0.0799999	0.005405761036960985	19.033045051865944
0.0899999	0.005745581194387405	20.120946032685964
0.0999999	0.006063563569472964	21.14825861862743
0.11	0.00636425770020534	22.124441548906844
0.12	0.006648270191649555	23.05676049680326
0.13	0.006920635865845313	23.950823459442212
0.13999899999999998	0.00717407546201232	24.81145595414413
0.149999	0.007420963723477072	25.64272065056643
0.159999	0.007661179329226556	26.447104683915537
0.169999	0.007888777549623546	27.227256755372434
0.179999	0.00810381904517454	27.985834553580442
0.199999	0.008520556724845998	29.44567183231003
0.224999	0.009003171714579055	31.176296401511824
0.249999	0.009453333333333333	32.819483826473494
0.27499900000000005	0.009871890828199862	34.38880737464249
0.299999	0.010264970910335385	35.894924396215835
0.32499900000000004	0.010638639630390145	37.345777044872456
0.349999	0.010986830937713894	38.74821611925138
0.374999	0.011322283538672142	40.107700762106845
0.39999900000000005	0.011638324777549624	41.42859761478958
0.44999900000000004	0.012237650581793292	43.968917360022864
0.499999	0.012780562114989734	46.39323128274318
0.549999	0.013290716974674878	48.719713815651886
0.5999990000000001	0.013762049110198495	50.96179971227142
0.649999	0.014207903832991102	53.1303851716861
0.699999	0.014621608487337442	55.234308914630965
0.799999	0.015391390314852841	59.27574612021667
0.899999	0.016083526694045173	63.12944887837037
0.9999990000000001	0.016711362936344967	66.82819933012442
1.1	0.01728763774811773	70.39615604756554
1.2	0.01782508983572895	73.85092095845214
1.3	0.018317046543463382	77.20734887426794
1.4	0.01878291923340178	80.47715984017087
1.5	0.01921057580424367	83.67009578796004
1.6	0.019618821013004793	86.79440546383071
1.7	0.0200064416495551	89.85591898112878
1.8	0.02036919147843943	92.86053287386866
2.	0.021041916495550993	98.71907774940209
2.25	0.02179107375085558	105.79842871784543
2.5	0.022468651608487336	112.64989796365217
2.75	0.023074043463381246	119.30858163779357
3.	0.023632726728268313	125.80150552156061
3.25	0.024139241957563312	132.1496196387681
3.5	0.024599655201916495	138.3720377577087
3.75	0.02503337782340863	144.48247790293212
4.	0.025433737166324438	150.49189578717528
4.5	0.026154383983572897	162.24753754218713
5.	0.026788892881587954	173.7028285075135
5.5	0.027348789356605067	184.90576387432145
6.	0.027848631930184803	195.89400840667244
6.5	0.028300552703627652	206.69616765333507
7.	0.02870515828199863	217.33617682259992
8.	0.029417312628336755	238.20312790500913
9.	0.03001299880219028	258.6120430374784
10.	0.030523760266940453	278.64913505145074
11.	0.030964762149212868	298.3765815694351
12.	0.031342070499657766	317.8454079681029
13.	0.0316696372347707	337.0972371449868
14.	0.031965660506502395	356.1606075731683
15.	0.03222043463381245	375.0603981774398
16.	0.032444878507871325	393.820703560852
17.	0.032652337440109515	412.4565787526852
18.	0.03283128593429158	430.9823871058056
20.	0.03313458846680356	467.7607591899065
22.5	0.03343546457905545	513.3131499318141
25.	0.033660515058179324	558.5105824123378
27.5	0.03383643052703627	603.4416812137018
30.	0.03397594969199179	648.1644635262065
32.5	0.03407907255304586	692.7284393767013
35.	0.034157931211498974	737.1745497316623
37.5	0.034218591718001366	781.5302943638078
40.	0.03426105407255304	825.8194862745058
45.	0.034309582477754966	914.2748929445698
50.	0.03432778062970568	1002.6472963690196
55.	0.03432171457905544	1091.005382523012
60.	0.03429745037645448	1179.4051299496912
65.	0.034273186173853526	1267.8700462779473
70.	0.034254988021902806	1356.4343720268937
80.	0.035868557494866525	1529.825123756829
90.	0.03628711498973306	1697.6146437173484
100.	0.0360930013689254	1865.0631944918648
110.	0.03563804757015743	2034.1319677738504
120.	0.035104235112936345	2205.616479387068
130.	0.03457042265571526	2379.7550261425854
140.	0.0340851386036961	2556.492364577023
150.	0.033666581108829564	2735.5884273376973
160.	0.033302618069815194	2916.776987656108
170.	0.03300538158795346	3099.773387153208
180.	0.03276880561259411	3284.251209341933
200.	0.032441238877481175	3656.5089545778446
225.	0.03227138945927447	4125.496208913535
250.	0.03231991786447638	4595.29603195009
275.	0.032526163586584535	5063.195909388261
300.	0.03285979637234771	5527.208365152659
325.	0.033308684120465434	5985.706683028288
350.	0.03383643052703627	6437.5096188526195
375.	0.03443090349075976	6881.876431819799
400.	0.035086036960985625	7318.2442734623055
450.	0.03651155886379192	8165.876313887855
500.	0.03805840177960301	8979.61876540803
550.	0.03965377310061602	9760.373714155572
600.	0.04127947467488022	10510.001496818442
650.	0.04289304414784394	11230.732623590091
700.	0.0444823494182067	11925.023655027997
800.	0.04755783709787816	13243.251944638705
900.	0.050427079055441484	14481.36987662891
1000.	0.05312647159479809	15652.926774876594