# E_R [keV]  \xi_T*d_E/dx_T [keV/Å]  x_T [Å]
0.0011	0.0002287237491444216	2.0499494024815226
0.0012	0.0002411550290896646	2.2174658684550153
0.0013000000000000002	0.0002538184120465435	2.3764525942227985
0.0014	0.00026610020191649553	2.5277928078342744
0.0015	0.000278047606091718	2.6723925291500796
0.0016	0.00028966455852156057	2.8109887230740167
0.0017	0.00030098646475017107	2.9442012543397724
0.0018000000000000002	0.0003120172587268994	3.0725557571429265
0.002	0.0003334061413415469	3.316402750449068
0.0022500000000000003	0.00035895320841889116	3.6005423751819996
0.00249999	0.000383292553045859	3.865565547180739
0.00274999	0.00040667594798083506	4.1145779952260595
0.00299999	0.00042894603524982886	4.349987788391536
0.00324999	0.0004507794541409993	4.573596667677824
0.00349999	0.0004717906776180698	4.7868079228003895
0.00374999	0.0004919836396303902	4.990906631210708
0.00399999	0.0005117517351129364	5.186882077741311
0.004499990000000001	0.0005496356673511294	5.557565964570367
0.00499999	0.0005858555390143736	5.904052619234258
0.005499990000000001	0.0006204192180013689	6.2301915341874965
0.00599999	0.0006533463740588638	6.539054112696386
0.006499990000000001	0.0006854237970568104	6.832920313635029
0.00699999	0.000716269893908282	7.1135830710335055
0.00799999	0.0007746733059548254	7.641342181897999
0.008999990000000001	0.0008301813312799451	8.131636144137191
0.00999999	0.0008823848391512662	8.591071699293003
0.0109999	0.0009321492984257358	9.024655650548274
0.0119999	0.0009798287645448323	9.4361795327829
0.0129999	0.0010258559719370293	9.82846872718572
0.013999900000000001	0.0010698768651608488	10.203893433790434
0.0149999	0.0011122061601642709	10.564472223567623
0.0159999	0.0011537093258042438	10.911703175825966
0.016999900000000002	0.0011932061772758384	11.246944839377957
0.0179999	0.001231837559890486	11.571395911169759
0.0199999	0.0013062678815879533	12.191395591449409
0.0224999	0.0013934441991786447	12.919975973625059
0.024999900000000002	0.0014757030800821355	13.605544368790838
0.0274999	0.0015538313141683776	14.254808530217677
0.0299999	0.0016279075804243668	14.873008547717525
0.0324999	0.0016986793292265569	15.4642953971958
0.0349999	0.0017665792950034224	16.031922635159866
0.037499899999999996	0.001832040212183436	16.578507179592286
0.0399999	0.0018946293463381245	17.106306646289667
0.044999899999999995	0.0020136706536618755	18.112843023197122
0.0499999	0.002125316136208077	19.063269735088657
0.0549999	0.002230470602327173	19.9663946111906
0.059999899999999995	0.002330235557837098	20.828939423011306
0.0649999	0.002424768360711841	21.656240385688413
0.0699999	0.0025151311772758384	22.452583222825808
0.0799999	0.0026844876967830247	23.965583803729853
0.0899999	0.002840350770020534	25.389547650793904
0.0999999	0.0029859855749486655	26.73984460132962
0.11	0.0031218248459958927	28.0279308518642
0.12	0.0032498748973305955	29.26267894009598
0.13	0.0033710011978097198	30.450962813332143
0.13999899999999998	0.003485951197809719	31.598223685716352
0.149999	0.0035951969712525664	32.70927310798079
0.159999	0.003699171252566735	33.78785676030927
0.169999	0.003799014887063655	34.837125254341004
0.179999	0.003894373819301848	35.85977019619254
0.199999	0.004074824075975358	37.83420706237485
0.224999	0.00428072698494182	40.18792932172692
0.249999	0.004472979089664613	42.434670678876
0.27499900000000005	0.004648983983572896	44.590681900061384
0.299999	0.004812675616016427	46.66940146272172
0.32499900000000004	0.004968066615331964	48.68028926258661
0.349999	0.0051113017111567415	50.631641791939295
0.374999	0.005250288141683778	52.529838914068435
0.39999900000000005	0.005377158008213552	54.380505415680105
0.44999900000000004	0.005618309103353867	57.95779416185278
0.499999	0.005834951694045174	61.39196258389243
0.549999	0.00603503235797399	64.70570981916573
0.5999990000000001	0.006218747792607803	67.91571812641193
0.649999	0.0063900319472963716	71.03540784778713
0.699999	0.006549002840520191	74.07549080248027
0.799999	0.006837990759753594	79.95101736127053
0.899999	0.0070940908624229975	85.59701655312165
0.9999990000000001	0.007325013689253935	91.05249943445844
1.1	0.007531546030116357	96.34757522321341
1.2	0.007721162388774812	101.50526045706218
1.3	0.007894256160164271	106.54323943443342
1.4	0.008055154688569472	111.47589324717855
1.5	0.008207005133470226	116.31357337770613
1.6	0.008342726386036961	121.06728445702076
1.7	0.008474120294318961	125.74556916299017
1.8	0.008592925564681725	130.35519084466165
2.	0.00881401351813826	139.39494948761137
2.25	0.009052410848733745	150.40121118392878
2.5	0.009261303559206022	161.1396239008918
2.75	0.00944855954825462	171.65102196332882
3.	0.009614965605749487	181.9673866187203
3.25	0.009760128336755648	192.11816012857275
3.5	0.009892309034907598	202.12603366383019
3.75	0.010011901095140314	212.0074614738236
4.	0.010122445071868583	221.77605049152731
4.5	0.010313635010266942	241.020703645699
5.	0.010470206194387405	259.94471486975897
5.5	0.01060514065708419	278.60812774415547
6.	0.010721585557837098	297.0518599031932
6.5	0.010821114476386036	315.3109659274075
7.	0.010906481177275839	333.4150642541915
8.	0.011046136379192334	369.2451704507663
9.	0.011149205852156058	404.68531507185565
10.	0.011224737679671457	439.84528617408756
11.	0.011284927104722793	474.79436604451075
12.	0.011326233572895274	509.58719896826625
13.	0.011357311772758383	544.2700534383428
14.	0.01137776830937714	578.874832997916
15.	0.01139232392197125	613.4265508811842
16.	0.011397438056125942	647.9489413724463
17.	0.01140058521560575	682.459318444075
18.	0.011398224845995893	716.9681943690515
20.	0.011381308863791923	786.0401112665907
22.5	0.011347476899383983	872.5745379309631
25.	0.011306957221081451	959.3947564498233
27.5	0.01125738945927447	1046.5634028659813
30.	0.01120664151266256	1134.124114618745
32.5	0.011155500171115674	1222.0844279984503
35.	0.011105145619438742	1310.4446159378952
37.5	0.011050857118412048	1399.2235977742978
40.	0.011001682751540042	1488.4211581750833
45.	0.01090726796714579	1668.130936775498
50.	0.01107839476386037	1847.17784939543
55.	0.011146845482546202	2024.0477524528978
60.	0.011115373887748118	2200.6537871722185
65.	0.011026860027378509	2378.272014375251
70.	0.010920643394934976	2557.5032921471843
80.	0.010716078028747432	2921.225531430148
90.	0.010562654004106777	3291.1456556417534
100.	0.010468239219712527	3665.440545670805
110.	0.010436767624914443	4041.9704917511285
120.	0.010452503422313486	4418.754409434564
130.	0.01051151266255989	4794.183634333874
140.	0.010609861396303903	5166.781943805063
150.	0.010727879876796713	5535.5852567553675
160.	0.010873436002737848	5899.87845843406
170.	0.011030793976728267	6259.123044435454
180.	0.011207821697467486	6612.96800815302
200.	0.01159334873374401	7303.284340264072
225.	0.012112630047912387	8133.360556851395
250.	0.012659842402464065	8927.610240237625
275.	0.013218069815195074	9687.873292233115
300.	0.013784558521560575	10416.44498446331
325.	0.01435458778234086	11115.549723705917
350.	0.014917142539356608	11787.5708713071
375.	0.015470255817932922	12434.918068280875
400.	0.01601943514715948	13059.601608079016
450.	0.017087502395619437	14248.010547860351
500.	0.018107968856947293	15365.817038655956
550.	0.019081621321013004	16423.653571448343
600.	0.02001160694729637	17429.98077006479
650.	0.02090972758384668	18391.373164284316
700.	0.02178542470910335	19312.848183021935
800.	0.02351911618754278	21050.352413631972
900.	0.025283492470910336	22663.521591547567
1000.	0.027118286447638605	24166.023211142317