# E_R [keV]  \xi_T*d_E/dx_T [keV/Å]  x_T [Å]
0.0011	0.00023728339872866703	0.8623143933479946
0.0012	0.00024974343999332137	0.9448955078681234
0.0013000000000000002	0.0002628666770027073	1.0233253601529266
0.0014	0.0002755477835156055	1.097980885237282
0.0015	0.0002877867595320159	1.1693346840210892
0.0016	0.00029980467030018247	1.237743871859818
0.0017	0.00031158141897935583	1.3034897589347536
0.0018000000000000002	0.0003231371024102852	1.3668174119839398
0.002	0.0003451632398716741	1.4870954779181453
0.0022500000000000003	0.00037171116650168754	1.6272906421409274
0.00249999	0.0003969527984829873	1.7580243056064764
0.00274999	0.0004211092010638171	1.8808671168128774
0.00299999	0.000444361245810922	1.9969810897488427
0.00324999	0.0004669500948132954	2.1072513904650494
0.00349999	0.0004886546828226932	2.212407934692301
0.00374999	0.0005097161719281089	2.313061751972546
0.00399999	0.0005303154336962874	2.4096830622464953
0.004499990000000001	0.0005697856289281924	2.5923831587366593
0.00499999	0.0006072863337666521	2.763134285723935
0.005499990000000001	0.0006432395818674045	2.923852760486648
0.00599999	0.0006776654700711995	3.076006601823747
0.006499990000000001	0.0007110061288745245	3.220733546445996
0.00699999	0.0007430404930291359	3.3589505004909563
0.00799999	0.0008042554699519376	3.618750535387856
0.008999990000000001	0.0008619936934250858	3.8599910639900035
0.00999999	0.000916697293945068	4.085978290569662
0.0109999	0.0009690093704158667	4.299118114282156
0.0119999	0.0010189500196782313	4.501311137629063
0.0129999	0.0010671221469546448	4.693993305990022
0.013999900000000001	0.0011133649775191118	4.878330223901297
0.0149999	0.0011581005450273707	5.055283841986456
0.0159999	0.001201308752638672	5.225640805297804
0.016999900000000002	0.001243230762442009	5.390064809535596
0.0179999	0.0012838665744373818	5.549116837950426
0.0199999	0.001362063381793462	5.852951960553776
0.0224999	0.001454348074514902	6.209740980187881
0.024999900000000002	0.0015414276854822362	6.545164529322923
0.0274999	0.0016240056041216951	6.862608852999953
0.0299999	0.0017027249293372613	7.16466065603811
0.0324999	0.0017779675011031738	7.453351166226323
0.0349999	0.0018502156435974192	7.7303055647918075
0.037499899999999996	0.0019196703252274926	7.9968485194476315
0.0399999	0.001986552611241637	8.25408820077678
0.044999899999999995	0.002113645032141111	8.744214187493679
0.0499999	0.0022322163925628216	9.206655518888512
0.0549999	0.0023469492564013885	9.645525192999976
0.059999899999999995	0.002453261543965939	10.064166764562763
0.0649999	0.0025552530107693593	10.465418060225387
0.0699999	0.00265292365681165	10.851281144962325
0.0799999	0.002835463261338836	11.58353114049105
0.0899999	0.0030030709131891853	12.27190921863631
0.0999999	0.0031620369235172757	12.923838010237816
0.11	0.0033103516082481606	13.544800935518449
0.12	0.0034500246514567855	14.13930836124103
0.13	0.0035812570215506445	14.710928522458717
0.13999899999999998	0.0037080680866796263	15.262265351428567
0.149999	0.003828448162768787	15.795555084792278
0.159999	0.00394259821822562	16.312756737683344
0.169999	0.004052326968717576	16.815482954881038
0.179999	0.004157835382652149	17.305030338451978
0.199999	0.004357999916516596	18.24893415982752
0.224999	0.004589314553542678	19.371829261257435
0.249999	0.004801537191856791	20.441711133722247
0.27499900000000005	0.004998888168016316	21.466910697593327
0.299999	0.005183176197688703	22.45370147052377
0.32499900000000004	0.005356812901763886	23.407002318195175
0.349999	0.005521606995909314	24.33063869677286
0.374999	0.005675950732865032	25.227957482208563
0.39999900000000005	0.005823662512373435	26.10172122970829
0.44999900000000004	0.006095773736120884	27.787425870063732
0.499999	0.006346180371858938	29.40244621845646
0.549999	0.006577093072070031	30.957331964357397
0.5999990000000001	0.006790722489236604	32.460533669165784
0.649999	0.006989480244248591	33.918773422227446
0.699999	0.007175175052773438	35.33745242955085
0.799999	0.007514007787809038	38.07297485907707
0.899999	0.007818072988348102	40.69393205804724
0.9999990000000001	0.00809179195935551	43.219800295872254
1.1	0.008341595689871079	45.665327115494904
1.2	0.008571704516452195	48.0414902050793
1.3	0.008784128123173801	50.35707945702641
1.4	0.008979469415258384	52.619567088950845
1.5	0.009163355508115782	54.83479720649562
1.6	0.009334178654486042	57.007545918657975
1.7	0.009494149506851604	59.142156305989616
1.8	0.00964527774928741	61.242088585672455
2.	0.00992281512003721	65.34933684434397
2.25	0.01023069872031867	70.33405991181245
2.5	0.010504819628141066	75.17907251571215
2.75	0.010747790432801822	79.90636762174259
3.	0.010968051807415712	84.5329538274306
3.25	0.011165804720390228	89.07226013635875
3.5	0.011347681129172681	93.5351553068383
3.75	0.01151569071783802	97.92974745232465
4.	0.011668024770718795	102.26364354236246
4.5	0.011942145678541188	110.77361153526859
5.	0.012179288399384609	119.10347050164877
5.5	0.012386084890696371	127.28312084555503
6.	0.012568966141516301	135.3352701596008
6.5	0.01273074570954931	143.27783266055997
7.	0.012873433278870352	151.1261113724963
8.	0.013121227325310977	166.58402724127663
9.	0.013322195732805402	181.7804153640485
10.	0.013491009195100717	196.7681548364927
11.	0.013633696764421761	211.58411231732623
12.	0.01375226812484347	226.2591537046398
13.	0.013854762012665627	240.8171154949153
14.	0.013943188111963175	255.2751697972335
15.	0.01401754642273611	269.64930147828215
16.	0.014083865997209271	283.9517284564731
17.	0.014142146835382653	298.19101585028704
18.	0.01419238893725626	312.3758260834728
20.	0.014274785984328972	340.61119873907035
22.5	0.014351153979176854	375.70863549766307
25.	0.014407425133275297	410.6460256232707
27.5	0.014451638182924068	445.46256985078844
30.	0.014483793128123177	480.18782063977983
32.5	0.01450991902109745	514.8436686970165
35.	0.01452800617777195	549.4471461635412
37.5	0.014544083650371502	584.0103571694259
40.	0.014556141754821167	618.5401497135532
45.	0.01457623859557061	687.5231217991495
50.	0.01459432575224511	756.4169823937235
55.	0.014612412908919606	825.2231472990668
60.	0.014616432277069496	893.982781133032
65.	0.014648587222268606	962.6625557597331
70.	0.014692800271917375	1031.1587885898584
80.	0.014783236055289868	1167.516657932819
90.	0.01485960405013775	1303.0933294196057
100.	0.01490582678386147	1438.109217656833
110.	0.014931952676835742	1572.802236473
120.	0.014939991413135522	1707.3442085157203
130.	0.014935972044985632	1841.8733574189002
140.	0.014927933308685852	1976.4583342336898
150.	0.014911855836086299	2111.155111510039
160.	0.014899797731636636	2245.982792209639
170.	0.014889749311261913	2380.9105267039386
180.	0.01488372025903708	2515.912448142483
200.	0.014889749311261916	2785.95160861132
225.	0.014939991413135522	3122.9028295745247
250.	0.015040475616882732	3458.167047177709
275.	0.015195221290653437	3790.5965091229964
300.	0.015394180014072919	4119.172029586355
325.	0.01563534210306623	4443.082683709135
350.	0.01591468818948348	4761.643513402342
375.	0.01622819890517478	5074.321171545988
400.	0.016569845197915302	5380.74549040833
450.	0.017321467041944448	5974.063608437755
500.	0.018143427828596646	6540.999747477134
550.	0.01901965008527234	7081.97687970063
600.	0.01992601760307219	7598.152531668303
650.	0.020856501329771376	8091.053285365157
700.	0.021797033476845282	8562.306899863646
800.	0.023682117139142988	9446.591115048954
900.	0.02555514269699102	10263.220634383437
1000.	0.02737410775322306	11022.725512739678