# E_R [keV]  \xi_T*d_E/dx_T [keV/Å]  x_T [Å]
0.0011	0.0003359175485918286	0.8970703571116728
0.0012	0.00035446481819383845	0.9824100382596217
0.0013000000000000002	0.0003737628106130724	1.0632815901909747
0.0014	0.00039213932757430184	1.140165269487871
0.0015	0.00041048051640295595	1.2135331360369936
0.0016	0.00042820640692259093	1.2837402111612628
0.0017	0.00044531111111111114	1.3511505184206234
0.0018000000000000002	0.0004623863751891519	1.4160233045867823
0.002	0.0004949765774898262	1.5390104393500241
0.0022500000000000003	0.0005343968854217169	1.6820418442476037
0.00249999	0.0005719035861724478	1.8151092657853916
0.00274999	0.0006078499610677715	1.9398980918509332
0.00299999	0.0006428542524277551	2.057605662598154
0.00324999	0.0006765926190371252	2.1691746687553817
0.00349999	0.0007090945010063615	2.2754113903338826
0.00374999	0.0007409487005450512	2.376933222516934
0.00399999	0.0007718902566588801	2.4742381580822705
0.004499990000000001	0.0008312415193853116	2.6579055115055628
0.00499999	0.0008880903727209956	2.8291590214872606
0.005499990000000001	0.0009427606578812054	2.989975081915043
0.00599999	0.0009952523748659409	3.141896344390063
0.006499990000000001	0.00104615432588479	3.286120961873305
0.00699999	0.0010952309900539175	3.4236085701583523
0.00799999	0.0011889977419307447	3.681418460123645
0.008999990000000001	0.0012777891151365569	3.9201408850932884
0.00999999	0.0013625471932066937	4.143165791465289
0.0109999	0.0014435958173564282	4.35298886136741
0.0119999	0.0015215237897953488	4.551576092042214
0.0129999	0.0015963605506339343	4.740430984217794
0.013999900000000001	0.001668724342192252	4.920770781502671
0.0149999	0.0017386446045807807	5.093579342864133
0.0159999	0.0018066806998986292	5.259663494580232
0.016999900000000002	0.0018728326281457978	5.419687992065933
0.0179999	0.0019368648684384504	5.57424346177237
0.0199999	0.002060601652783287	5.868870927935534
0.0224999	0.0022070662024182056	6.213812863580666
0.024999900000000002	0.0023458468832180056	6.537139906466325
0.0274999	0.0024781507397123423	6.8422952056179565
0.0299999	0.0026048904153260755	7.131894179457715
0.0324999	0.002726124790280165	7.408020383433737
0.0349999	0.002843031468993786	7.672340179036023
0.037499899999999996	0.0029559342926822104	7.926182366656436
0.0399999	0.003064833261345439	8.170670820871631
0.044999899999999995	0.003271650037463088	8.635292637980463
0.0499999	0.0034685454963491857	9.072097628316799
0.0549999	0.0036561967605447574	9.485299433043343
0.059999899999999995	0.0038317186992228246	9.878459434013351
0.0649999	0.004001028774589742	10.254327845934892
0.0699999	0.00416418586686647	10.614885866538131
0.0799999	0.004472099982370312	11.296645436960244
0.0899999	0.0047585816974451646	11.934496321354345
0.0999999	0.005026722223691363	12.536195397148006
0.11	0.005279553892488283	13.107492650896152
0.12	0.005520079595104824	13.652685388894685
0.13	0.0057483876518724195	14.17519613776931
0.13999899999999998	0.0059674809540599715	14.677706833455963
0.149999	0.006177388941777955	15.1625097986352
0.159999	0.00637819993535781	15.631449245885683
0.169999	0.006569855054578578	16.086179372640114
0.179999	0.0067553277505986754	16.528047540766003
0.199999	0.007110669884084799	17.377315997893437
0.224999	0.007522537029691333	18.383131868796703
0.249999	0.007903492059294519	19.337290520523194
0.27499900000000005	0.008262955808247756	20.247771456856213
0.299999	0.008601222677655838	21.12056374220262
0.32499900000000004	0.008917998266413976	21.96074309201711
0.349999	0.00922240900877077	22.77215638847488
0.374999	0.00950856688263035	23.55797844370244
0.39999900000000005	0.009782654311193382	24.320996157691933
0.44999900000000004	0.010296678640163369	25.786965896966148
0.499999	0.01076801480893825	27.18439822984547
0.549999	0.011208733262814581	28.52386948270014
0.5999990000000001	0.011618834001792352	29.813421208419623
0.649999	0.012004205047967443	31.059562618660337
0.699999	0.012365435203549444	32.267534002362744
0.799999	0.013032253705907415	34.58534488829354
0.899999	0.013637542377363478	36.79266900256914
0.9999990000000001	0.014187778042223105	38.908389674448806
1.1	0.014695031145782834	40.946721898547366
1.2	0.015162245699090601	42.91854829273315
1.3	0.015598548136395024	44.83248966305301
1.4	0.016004232858800888	46.695455677146
1.5	0.016385482289508865	48.513191276366754
1.6	0.0167449460384621	50.29030425894613
1.7	0.017085568116708538	52.0306511693383
1.8	0.01740793732645776	53.73755049907578
2.	0.018003510761455625	57.0623871525711
2.25	0.018670329263813595	61.07518569769938
2.5	0.019269141110964196	64.95433059074404
2.75	0.019812016748203973	68.72025916717233
3.	0.0203051385987336	72.38902427439776
3.25	0.020757927497906472	75.97334752134039
3.5	0.021173327456770537	79.48352533109151
3.75	0.021560464909574393	82.92783362346671
4.	0.02191933985631804	86.31305771892761
4.5	0.022565550281340448	92.9293270347526
5.	0.023133155611382905	99.37021459160766
5.5	0.023637759104999486	105.66371820177031
6.	0.024091725608591536	111.83096995213788
6.5	0.024498587935416573	117.88906485937707
7.	0.02486688371751363	123.85215577984026
8.	0.025508383724859328	135.5366264539281
9.	0.02605037615878473	146.95369588003416
10.	0.02650905308005348	158.1540014907287
11.	0.026905905769315532	169.1753602449511
12.	0.027247411050876344	180.04678772192412
13.	0.027549172183289995	190.79079496700035
14.	0.027808833957718132	201.42602635643743
15.	0.028041410830505237	211.96772084394846
16.	0.028244841993917757	222.4278441424944
17.	0.02842737067888992	232.81681137632188
18.	0.028586347275478576	243.14358277303154
20.	0.028854252280840934	263.6418346516351
22.5	0.029116269264107424	289.0287587877526
25.	0.029307629982223398	314.2197749146609
27.5	0.02944894251252442	339.26929586080496
30.	0.02955198289920226	364.21579022945104
32.5	0.02962558317540071	389.08822825277707
35.	0.02967268735216772	413.91034169790856
37.5	0.029699183451599158	438.7021950804551
40.	0.029713903506838852	463.4770540712175
45.	0.029696239440551227	513.0241949832509
50.	0.029649135263784213	562.6284053047567
55.	0.02957553498758576	612.3347495637122
60.	0.029487214656147624	662.1784024257681
65.	0.029387118280517727	712.1824093980827
70.	0.029284077893839893	762.3601212534772
80.	0.029066221076292476	863.2578990079271
90.	0.028777707993594547	965.0567688570045
100.	0.028604011341766204	1067.6961893253424
110.	0.02850097095508837	1170.8227512373662
120.	0.02844503474517755	1274.2318363058087
130.	0.028424426667841982	1377.776967204407
140.	0.028430314689937855	1481.3462231468447
150.	0.02845386677832136	1584.860093521543
160.	0.028492138921944556	1688.261141415795
170.	0.028545131120807442	1791.496302121617
180.	0.028609899363862077	1894.5177715588566
200.	0.028760043927306918	2099.793825897433
225.	0.028989676789046088	2354.7195762238916
250.	0.029254637783360515	2607.4752861255092
275.	0.029551982899202255	2857.8111998049794
300.	0.029875824114475442	3105.5284829274174
325.	0.030226161429180075	3350.4672067884153
350.	0.030602994843316144	3592.4740975961568
375.	0.030994548312691907	3831.4611550893583
400.	0.03140965387045118	4067.3602877539006
450.	0.03228991317378465	4529.64076408005
500.	0.03323494072017277	4979.032733693254
550.	0.0342270724433279	5415.507202324358
600.	0.03526042032115416	5839.253794989707
650.	0.03633204034260361	6250.533558144147
700.	0.03743015646348451	6649.709210581599
800.	0.039708821014588565	7413.360441107195
900.	0.04201692567617201	8134.075861566378
1000.	0.04438096654766627	8815.837626003611