# E_R [keV]  \xi_T*d_E/dx_T [keV/Å]  x_T [Å]
0.0011	0.000023606196684754554	2.2466632357947933
0.0012	0.000024300298385733633	2.528267901706463
0.0013000000000000002	0.000025151415325866235	2.800890660604498
0.0014	0.00002596075138691078	3.06456638699429
0.0015	0.000026730328224307	3.3203420432446453
0.0016	0.000027466210804374144	3.5690112309952875
0.0017	0.00002816233416079297	3.811280977157283
0.0018000000000000002	0.000028834197651934857	4.047740181504403
0.002	0.000030101775612654904	4.505044140406831
0.0022500000000000003	0.000031558041414417806	5.051408076097288
0.00249999	0.000032899072856115256	5.57405556591151
0.00274999	0.000034139021525825454	6.07660854823163
0.00299999	0.00003529136512648005	6.561858360738028
0.00324999	0.000036376320212476474	7.0319700272508525
0.00349999	0.000037400625635280556	7.488641225742817
0.00374999	0.00003836428139489229	7.933333619984693
0.00399999	0.00003928076519424331	8.367263058483964
0.004499990000000001	0.00004097895576362902	9.206727511607227
0.00499999	0.00004252889160076677	10.013575338175574
0.005499990000000001	0.000043957528111519826	10.792654499658003
0.00599999	0.000045278342998819826	11.54774949593127
0.006499990000000001	0.00004651829166853003	12.28178848300691
0.00699999	0.000047670635269184624	12.997186108502557
0.00799999	0.00004978663462945095	14.379770690322356
0.008999990000000001	0.000051680251891345333	15.707776994299657
0.00999999	0.000053398659015128485	16.99018927271867
0.0109999	0.000054968811406663694	18.23361679407826
0.0119999	0.00005642440332328002	19.44339952252036
0.0129999	0.00005776543476497745	20.62356880391766
0.013999900000000001	0.00005901886113761929	21.777542476489323
0.0149999	0.00006019142129267134	22.90804401304189
0.0159999	0.00006129659293306521	24.017367704328397
0.016999900000000002	0.00006234785376173255	25.107341935136695
0.0179999	0.00006333172607574173	26.179664842429816
0.0199999	0.00006515795482297797	28.27726784823806
0.0224999	0.00006722004337151775	30.822048426450756
0.024999900000000002	0.00006907322752461725	33.29381823913824
0.0274999	0.00007075794039107133	35.70312824068302
0.0299999	0.00007230113737674325	38.05812776524844
0.0324999	0.00007372303503603049	40.36536052881046
0.0349999	0.00007505058877479631	42.62999030231811
0.037499899999999996	0.00007629053744450652	44.85621997342548
0.0399999	0.00007745635874809274	47.04763253383142
0.044999899999999995	0.00007958583581129069	51.337887222515704
0.0499999	0.00008150640847904833	55.52046494276392
0.0549999	0.00008324503215722895	59.61028950834474
0.059999899999999995	0.00008485561765755905	63.618722730026526
0.0649999	0.00008633816498003865	67.55478295502385
0.0699999	0.0000877263683819968	71.42600133544083
0.0799999	0.00009026017653314374	78.99672598855801
0.0899999	0.00009253790832858966	86.36854478334283
0.0999999	0.00009460673572859526	93.56944982986676
0.11	0.00009652730839635292	100.62032779140871
0.12	0.00009831310403479423	107.53710741093731
0.13	0.00009999107804978251	114.33317207712159
0.13999899999999998	0.00010157470814424934	121.01871585328794
0.149999	0.00010309768857552382	127.60347012011432
0.159999	0.0001045398027892085	134.09420087561926
0.169999	0.00010592800619116667	140.4977259612926
0.179999	0.00010726903763286412	146.81929229691656
0.199999	0.00010981632348694268	159.23515353767624
0.224999	0.00011280163468629932	174.3692956831254
0.249999	0.00011561847459901054	189.11923340334454
0.27499900000000005	0.00011826684322507635	203.52481534966464
0.299999	0.00012082086793062075	217.61723521998016
0.32499900000000004	0.00012327380986417786	231.42054458726025
0.349999	0.0001256324078772136	244.95729788349632
0.374999	0.0001279573116329202	258.243970367377
0.39999900000000005	0.00013017439376517378	271.2966648926317
0.44999900000000004	0.00013443334789156968	296.76290219835494
0.499999	0.000138530569582786	321.44986709386444
0.549999	0.0001424458422844253	345.43247439339353
0.5999990000000001	0.00014617242714502171	368.7807099030696
0.649999	0.00014983162349096	391.54665319144186
0.699999	0.00015335604280758192	413.77292186496857
0.799999	0.0001601622827880564	456.76048160489586
0.899999	0.0001666046247893768	498.00491998866164
0.9999990000000001	0.00017279089043499617	537.7149666059315
1.1	0.00017869412431905128	576.0599384920771
1.2	0.00018443562576792675	613.1754969802826
1.3	0.00018999517822722525	649.1702961118347
1.4	0.000195359303994015	684.1448751080429
1.5	0.00020058865273148849	718.1839037608122
1.6	0.00020566974673671395	751.3592719718664
1.7	0.00021066997452434967	783.7311892716331
1.8	0.00021551520872827162	815.3548442944796
2.	0.00022484177915696143	876.5669345077808
2.25	0.00023420878269444608	949.9342659172738
2.5	0.00024306363352052867	1020.5310075017562
2.75	0.000251709579951171	1088.6317042983703
3.	0.00025998488955119344	1154.479906112367
3.25	0.00026807825016163884	1218.2883540879557
3.5	0.0002759761840795756	1280.2206455501723
3.75	0.00028366521360207196	1340.4274989784276
4.	0.00029113859987766233	1399.0463459669122
4.5	0.0003056743024894281	1511.9648017370896
5.	0.00031961698617220206	1619.738281292356
5.5	0.00033305425599503973	1722.9897776308878
6.	0.00034597937310647546	1822.2316554125503
6.5	0.0003584395094667699	1917.8978035211271
7.	0.0003705492255508418	2010.3399577877904
8.	0.00039370391918738665	2186.6918326382
9.	0.00041551758138223403	2353.240532639174
10.	0.00043615868342202944	2511.487151987884
11.	0.0004558091742963499	2662.5850668362714
12.	0.00047451622596545584	2807.450792503663
13.	0.0004922670346115626	2946.8534477438334
14.	0.0005092509619608595	3081.4218562278384
15.	0.0005254619430470274	3211.673142606296
16.	0.0005410300377033561	3338.0422031743783
17.	0.0005558150778193572	3460.913871109762
18.	0.0005700158595132718	3580.6232232458738
20.	0.0005966531915873505	3811.631362263407
22.5	0.0006269133302094522	4086.9443167334953
25.	0.0006541409856719364	4349.900809458477
27.5	0.0006783880471310901	4602.705436282626
30.	0.0007003836583155146	4847.042323929869
32.5	0.0007203892866620835	5084.156975583876
35.	0.0007383988672044775	5315.081413279973
37.5	0.0007537337976000892	5540.86008115374
40.	0.0007684130377480768	5762.1988795499765
45.	0.0007917483326039056	6193.855516595004
50.	0.0008104102339681908	6614.280694099949
55.	0.0008243879596785869	7026.320999166422
60.	0.0008343473082599169	7432.439993896233
65.	0.0008409574476627361	7834.5677973398915
70.	0.0008448882197227466	8234.197160736929
80.	0.000845374090913432	9030.896619249064
90.	0.000839158174321363	9830.535490090515
100.	0.0008282526909942326	10638.550917550696
110.	0.0008146712097500263	11458.69535713617
120.	0.0007984090133927184	12294.076335233529
130.	0.0007808118505600322	13147.431334821618
140.	0.0007618770257113816	14021.094490475774
150.	0.0007436234987459251	14916.403110346038
160.	0.0007253767106319341	15833.925471982586
170.	0.0007071353135991159	16774.85779920462
180.	0.0006895725189089054	17739.94219681976
200.	0.0006560083214131141	19744.05009207446
225.	0.0006178603571502745	22391.31256683475
250.	0.0005837685075847097	25197.62684248723
275.	0.0005533932693795721	28162.887035523476
300.	0.0005263951391980135	31285.48485358946
325.	0.0005022333242099025	34563.17095068614
350.	0.0004806370573633422	37993.22608330595
375.	0.0004611337430050353	41572.73348198111
400.	0.00044345315319120225	45299.200818060184
450.	0.0004126144841707604	53183.05492857027
500.	0.00038670299378806475	61624.36900676348
550.	0.00036450366712382864	70604.33983857774
600.	0.00034527374796948984	80107.00368371306
650.	0.0003284733195456072	90116.55712378462
700.	0.0003136298535873976	100618.33739535428
800.	0.00028866631744039827	123043.87218589135
900.	0.0002685609540921353	147272.0160923308
1000.	0.00025203156227420777	173194.2261650447