# E_R [keV]  \xi_T*d_E/dx_T [keV/Å]  x_T [Å]
0.0011	0.0006599914835204151	1.1836443839444373
0.0012	0.0006934891438218327	1.2915410539875918
0.0013000000000000002	0.0007283515236170117	1.3942183516529894
0.0014	0.000762097314735477	1.4921530642745346
0.0015	0.0007948067947945083	1.585908394368949
0.0016	0.0008269251396717498	1.6759128049462788
0.0017	0.0008575838915075354	1.7625606176263382
0.0018000000000000002	0.0008874325692053128	1.8462067103046436
0.002	0.0009455973519073385	2.0054938931709576
0.0022500000000000003	0.0010146361027682125	2.191663679730238
0.00249999	0.0010805367285899557	2.3658321075762276
0.00274999	0.0011432992293725682	2.5299221404631798
0.00299999	0.0012029236051160502	2.6854552291551674
0.00324999	0.0012609424285139306	2.8335627586033114
0.00349999	0.001316625903045481	2.9751336006327422
0.00374999	0.0013707038252314297	3.1109231109062256
0.00399999	0.0014231761950717766	3.2415316672830676
0.004499990000000001	0.001522720440499083	3.4892719977212105
0.00499999	0.0016175210085416574	3.7216859640926985
0.005499990000000001	0.0017076508788515716	3.9411686767824743
0.00599999	0.001793839847949555	4.149596203496223
0.006499990000000001	0.0018760879158356064	4.348456407849952
0.00699999	0.0019552708383346004	4.538939234336622
0.00799999	0.002105681901256652	4.898376389286202
0.008999990000000001	0.0022468245483654578	5.233728770749069
0.00999999	0.0023800124133983276	5.5491896429428245
0.0109999	0.0025055374149635526	5.847918341602645
0.0119999	0.0026255159629712446	6.132382216809246
0.0129999	0.0027400940167255487	6.40440843482927
0.013999900000000001	0.002850001372747194	6.665509147247931
0.0149999	0.0029552380310361786	6.916935079889932
0.0159999	0.0030572635846339603	7.159694261698595
0.016999900000000002	0.0031554212166718843	7.394627229572308
0.0179999	0.0032497839068020215	7.622499887432683
0.0199999	0.0034306274846384326	8.059494405316984
0.0224999	0.0036423414553016413	8.57537510111284
0.024999900000000002	0.003840773129287599	9.062982721289274
0.0274999	0.004027528058941907	9.526716777115558
0.0299999	0.004203482000089441	9.970018526746088
0.0324999	0.004370824342292383	10.395576701636795
0.0349999	0.004530430841375609	10.805504289134497
0.037499899999999996	0.004683031293859844	11.201542200323642
0.0399999	0.004829428475917892	11.58513172850325
0.044999899999999995	0.00510434282527615	12.31971325013118
0.0499999	0.005360647363355842	13.017023646558695
0.0549999	0.005599801683198426	13.682813684391768
0.059999899999999995	0.005824287092974375	14.321591913355311
0.0649999	0.006036292982245874	14.936869151235461
0.0699999	0.006237424903358525	15.531439504936639
0.0799999	0.0066109347626671445	16.66724333407613
0.0899999	0.006951822717499218	17.74325144016119
0.0999999	0.007265489262108133	18.769753652217368
0.11	0.007557334890747283	19.754350589213203
0.12	0.007828892176110191	20.70288573356216
0.13	0.008081912629846607	21.62018705985439
0.13999899999999998	0.00832522678985734	22.509658117873656
0.149999	0.008553069263628638	23.374353862893205
0.159999	0.008765513030812574	24.217091234023364
0.169999	0.008969929036268502	25.040046232442073
0.179999	0.00916624430034435	25.844809157158327
0.199999	0.00952895317114619	27.405861045584373
0.224999	0.009942018001878269	29.279532105441852
0.249999	0.01031640361701176	31.080435664744257
0.27499900000000005	0.010659407981753946	32.81982185265998
0.299999	0.010978329061312105	34.5059861400315
0.32499900000000004	0.011266598686999686	36.1462017170178
0.349999	0.011546110754438529	37.74563362312636
0.374999	0.011802269333214079	39.30831834271073
0.39999900000000005	0.012042372388533605	40.83851584310127
0.44999900000000004	0.01247587152184607	43.814348445911094
0.499999	0.012876529811725771	46.69244490399773
0.549999	0.013230481124278876	49.48731716780108
0.5999990000000001	0.013552321389919948	52.211835566295775
0.649999	0.013849348573856267	54.87493741758293
0.699999	0.014130320234336568	57.48303903307051
0.799999	0.014620013699745093	62.557867623711736
0.899999	0.015046214867850276	67.47668197546226
0.9999990000000001	0.015422060076025222	72.26627316340972
1.1	0.015757766475560125	76.94678831224617
1.2	0.01605990223514154	81.5335035883881
1.3	0.01632992694781092	86.03927940243246
1.4	0.016575138578775548	90.47465602564401
1.5	0.016802835093242697	94.84726430291755
1.6	0.01701301649121238	99.16318361311085
1.7	0.017199844400518756	103.42908870842747
1.8	0.017376455158534948	107.65026013150826
2.	0.017688808069406554	115.97306416927323
2.25	0.018025244265462186	126.18788898958633
2.5	0.0183091351120254	136.22865704389582
2.75	0.018549238167344932	146.12720610757933
3.	0.01876160895487679	155.90605144934614
3.25	0.01894624747462099	165.58195630537486
3.5	0.01910461331961898	175.17081188190184
3.75	0.019244004455078036	184.6853753253324
4.	0.019365150677518896	194.13585484245448
4.5	0.019574602278967842	212.87432409925924
5.	0.019743915071776752	231.4327085948519
5.5	0.0198803870211529	249.84825286707397
6.	0.019986937313179194	268.1522238335
6.5	0.02007889167479093	286.36580983638515
7.	0.02014895214078082	304.5060749053027
8.	0.020256962025848573	340.623933443084
9.	0.020337239643128658	376.5753741802158
10.	0.02038686580653817	412.4131363898633
11.	0.020422625836053844	448.177778430265
12.	0.02045327728992442	483.8845257128987
13.	0.020472981795984075	519.547495566074
14.	0.020489767115960823	555.1789613510532
15.	0.020499254470730286	590.7876932371611
16.	0.020507282232458297	626.3816907630317
17.	0.02051458019766558	661.9630233801338
18.	0.020529176128080133	697.5254295172365
20.	0.020551070023701982	768.5776011904545
22.5	0.020580261884531104	857.2946254587334
25.	0.020616751710567503	945.8725306072207
27.5	0.020667837467018467	1034.2625525486405
30.	0.020726221188676713	1122.4188236082575
32.5	0.02079920084074952	1210.288517746443
35.	0.020835690666785922	1297.923278135207
37.5	0.020864882527615043	1385.4251153978046
40.	0.020886776423236882	1472.8202037826247
45.	0.02091596828406601	1647.3931098425935
50.	0.020945160144895128	1821.7382536281698
55.	0.02099624590134609	1995.7598312977298
60.	0.02107652351862618	2169.2356266894017
65.	0.02117139706632083	2341.987270425919
70.	0.021280866544430035	2513.907607056847
80.	0.02154578268145432	2854.7985932668953
90.	0.021855216406243015	3191.1568679187126
100.	0.022195301584902283	3522.5480604279583
110.	0.022567497810473593	3848.6580514915577
120.	0.022956479356021645	4169.306281503638
130.	0.02336224622154644	4484.450327979517
140.	0.023780419627923616	4794.085527788737
150.	0.024213918761236082	5098.221965563488
160.	0.024651796673672913	5396.927640728583
170.	0.0250911341791512	5690.367161159913
180.	0.0255384994463575	5978.6692743795065
200.	0.02644636631814319	6540.290191359287
225.	0.027585578686999682	7215.737260795846
250.	0.028728440038459813	7863.806589522125
275.	0.029877869558606503	8486.510775099807
300.	0.031018541520504452	9085.786301714874
325.	0.03216067307544385	9663.408740806504
350.	0.03329988544430034	10220.891059979913
375.	0.034433259440991015	10759.66043955505
400.	0.03555714608291222	11281.051894869763
450.	0.03780054058763025	12276.178638794721
500.	0.040019122010643525	13214.186306134045
550.	0.0422114307589106	14101.858995952274
600.	0.04438768398372165	14944.730746093637
650.	0.046536204940745056	15747.492923626
700.	0.048667940577791696	16514.154481406644
800.	0.05285916199633289	17952.385320810245
900.	0.05695623966370019	19281.945766599092
1000.	0.06095917357989356	20520.087377592376