# Er [keV]  dR/dEr O16 [1/keV/kg/Myr]  Zr90  Zr91  Zr92  Zr94  Zr96
1.011646E-03  3.398243E+08  1.244612E+08  4.354661E+07  5.366093E+07  6.796487E+07  6.982692E+06
1.035211E-03  3.371758E+08  1.205529E+08  4.354791E+07  5.322522E+07  6.468085E+07  7.444087E+06
1.059324E-03  3.379474E+08  1.145756E+08  4.025300E+07  5.415565E+07  6.159194E+07  6.345102E+06
1.083999E-03  3.442359E+08  1.149296E+08  4.332570E+07  5.035576E+07  6.022944E+07  6.990564E+06
1.109248E-03  3.387931E+08  1.127766E+08  4.145178E+07  5.086914E+07  5.924440E+07  6.908631E+06
1.135086E-03  3.399070E+08  1.135664E+08  3.960301E+07  5.012610E+07  6.091321E+07  5.959311E+06
1.161526E-03  3.447017E+08  1.073691E+08  3.755892E+07  4.905881E+07  5.948980E+07  5.749943E+06
1.188581E-03  3.372155E+08  1.057896E+08  3.792864E+07  4.560082E+07  5.799156E+07  5.511000E+06
1.216267E-03  3.414019E+08  1.055287E+08  3.607969E+07  4.611161E+07  5.649552E+07  5.983949E+06
1.244597E-03  3.399943E+08  9.944594E+07  3.622157E+07  4.444280E+07  5.703264E+07  5.778941E+06
1.273587E-03  3.409279E+08  9.600573E+07  3.381714E+07  4.393539E+07  5.442342E+07  5.849089E+06
1.303253E-03  3.382592E+08  9.740105E+07  3.501839E+07  4.411791E+07  5.279038E+07  5.617396E+06
1.333610E-03  3.432079E+08  9.502342E+07  3.242353E+07  4.337049E+07  4.946996E+07  5.007991E+06
1.364674E-03  3.364308E+08  9.126046E+07  3.375602E+07  4.200679E+07  4.963013E+07  5.207713E+06
1.396461E-03  3.404533E+08  9.050140E+07  3.295698E+07  3.988561E+07  5.260854E+07  4.782594E+06
1.428989E-03  3.409725E+08  8.856118E+07  3.307562E+07  4.131457E+07  4.913408E+07  5.722322E+06
1.462274E-03  3.395936E+08  8.707228E+07  3.103450E+07  3.917374E+07  4.748865E+07  5.474955E+06
1.496335E-03  3.399319E+08  8.563389E+07  3.104336E+07  3.819620E+07  4.763796E+07  4.434765E+06
1.531189E-03  3.395476E+08  8.404810E+07  3.190249E+07  3.866884E+07  4.518355E+07  4.920980E+06
1.566855E-03  3.459449E+08  8.426618E+07  2.975547E+07  3.489232E+07  4.379983E+07  4.890936E+06
1.603352E-03  3.409006E+08  8.047893E+07  2.803679E+07  3.602060E+07  4.461854E+07  5.019920E+06
1.640699E-03  3.424824E+08  7.854263E+07  2.786828E+07  3.397425E+07  4.342024E+07  4.696901E+06
1.678915E-03  3.448865E+08  7.831028E+07  2.787142E+07  3.263991E+07  4.319688E+07  4.895986E+06
1.718022E-03  3.423936E+08  7.642804E+07  2.708747E+07  3.361638E+07  4.188964E+07  3.987117E+06
1.758040E-03  3.483345E+08  7.427434E+07  2.612996E+07  3.314340E+07  3.930452E+07  4.285995E+06
1.798990E-03  3.434991E+08  7.317859E+07  2.634429E+07  3.162743E+07  4.000430E+07  4.521604E+06
1.840894E-03  3.467036E+08  7.214076E+07  2.458181E+07  3.144240E+07  3.804716E+07  3.814018E+06
1.883774E-03  3.396980E+08  6.995320E+07  2.340864E+07  3.059032E+07  3.865835E+07  4.409006E+06
1.927653E-03  3.422485E+08  6.742807E+07  2.389743E+07  3.033819E+07  3.657906E+07  3.486893E+06
1.972553E-03  3.407956E+08  6.739079E+07  2.259382E+07  3.090644E+07  3.500848E+07  4.319088E+06
2.018500E-03  3.454459E+08  6.589921E+07  2.354301E+07  2.996961E+07  3.499636E+07  4.051094E+06
2.065517E-03  3.450651E+08  6.466861E+07  2.213656E+07  2.789870E+07  3.395102E+07  3.565065E+06
2.113629E-03  3.435706E+08  6.230534E+07  2.193650E+07  2.789157E+07  3.139573E+07  4.071318E+06
2.162862E-03  3.432916E+08  6.189660E+07  2.377289E+07  2.695976E+07  3.329392E+07  3.404610E+06
2.213241E-03  3.416286E+08  5.984932E+07  2.180032E+07  2.688771E+07  3.238131E+07  2.978926E+06
2.264794E-03  3.359505E+08  5.784427E+07  2.007537E+07  2.659702E+07  3.168203E+07  3.572735E+06
2.317548E-03  3.320903E+08  5.835641E+07  1.985854E+07  2.510489E+07  3.109017E+07  3.029583E+06
2.371531E-03  3.216606E+08  5.502422E+07  2.007445E+07  2.525554E+07  3.114068E+07  2.942568E+06
2.426771E-03  3.143740E+08  5.625919E+07  1.938816E+07  2.487471E+07  3.122570E+07  2.963795E+06
2.483298E-03  3.063732E+08  5.356489E+07  1.905027E+07  2.406713E+07  2.941155E+07  3.189412E+06
2.541141E-03  2.987760E+08  5.217713E+07  1.898728E+07  2.405842E+07  2.838827E+07  2.779860E+06
2.600332E-03  2.939507E+08  5.136810E+07  1.895022E+07  2.234183E+07  2.833478E+07  3.457469E+06
2.660901E-03  2.858598E+08  5.201692E+07  1.876020E+07  2.162411E+07  2.801159E+07  2.622567E+06
2.722882E-03  2.772459E+08  4.959075E+07  1.710676E+07  2.273564E+07  2.778277E+07  2.704378E+06
2.786306E-03  2.724562E+08  4.942993E+07  1.762391E+07  2.232567E+07  2.656648E+07  2.965489E+06
2.851207E-03  2.646627E+08  4.762907E+07  1.786841E+07  2.057119E+07  2.644224E+07  2.837924E+06
2.917620E-03  2.621159E+08  4.638349E+07  1.630245E+07  1.994153E+07  2.560557E+07  2.582567E+06
2.985580E-03  2.558913E+08  4.644617E+07  1.647627E+07  2.006119E+07  2.608385E+07  2.624158E+06
3.055124E-03  2.459606E+08  4.505261E+07  1.643755E+07  1.999691E+07  2.490155E+07  2.536399E+06
3.126287E-03  2.433883E+08  4.434205E+07  1.591274E+07  1.971975E+07  2.348568E+07  2.300638E+06
3.199107E-03  2.392399E+08  4.322564E+07  1.597877E+07  1.952514E+07  2.391462E+07  2.395477E+06
3.273624E-03  2.323425E+08  4.237249E+07  1.509193E+07  1.807370E+07  2.348796E+07  2.510962E+06
3.349876E-03  2.275649E+08  4.019385E+07  1.501678E+07  1.830130E+07  2.251878E+07  2.683850E+06
3.427905E-03  2.253199E+08  4.034052E+07  1.461251E+07  1.764742E+07  2.194374E+07  2.435418E+06
3.507751E-03  2.164807E+08  3.853129E+07  1.412122E+07  1.799022E+07  2.110250E+07  2.379981E+06
3.589457E-03  2.148210E+08  3.869188E+07  1.422916E+07  1.742566E+07  2.109924E+07  2.182680E+06
3.673066E-03  2.079147E+08  3.682041E+07  1.366050E+07  1.782159E+07  2.102691E+07  1.969816E+06
3.758623E-03  2.001521E+08  3.695046E+07  1.238136E+07  1.691474E+07  2.025213E+07  2.209737E+06
3.846173E-03  1.970876E+08  3.540810E+07  1.291210E+07  1.677460E+07  2.043674E+07  2.359798E+06
3.935762E-03  1.924926E+08  3.681030E+07  1.278135E+07  1.620784E+07  1.977574E+07  2.012383E+06
4.027437E-03  1.880578E+08  3.480308E+07  1.293688E+07  1.600899E+07  1.965513E+07  1.892165E+06
4.121248E-03  1.852522E+08  3.474842E+07  1.228920E+07  1.544721E+07  1.822085E+07  2.067245E+06
4.217245E-03  1.788426E+08  3.399806E+07  1.256781E+07  1.506513E+07  1.890247E+07  2.020189E+06
4.315477E-03  1.795831E+08  3.374004E+07  1.140872E+07  1.532736E+07  1.766863E+07  1.795633E+06
4.415997E-03  1.713265E+08  3.169231E+07  1.206033E+07  1.465854E+07  1.764454E+07  2.249194E+06
4.518859E-03  1.690657E+08  3.248676E+07  1.141632E+07  1.419223E+07  1.804820E+07  1.800083E+06
4.624117E-03  1.655599E+08  3.154359E+07  1.123052E+07  1.432284E+07  1.786884E+07  1.842434E+06
4.731826E-03  1.612393E+08  3.066271E+07  1.076678E+07  1.311919E+07  1.545350E+07  1.918116E+06
4.842045E-03  1.559422E+08  2.980559E+07  1.099916E+07  1.315655E+07  1.661368E+07  1.821404E+06
4.954830E-03  1.564708E+08  2.861734E+07  1.042909E+07  1.286571E+07  1.614910E+07  1.788584E+06
5.070243E-03  1.528331E+08  2.831213E+07  1.088408E+07  1.296971E+07  1.520732E+07  1.452337E+06
5.188344E-03  1.456905E+08  2.803899E+07  1.016599E+07  1.290553E+07  1.516647E+07  1.683329E+06
5.309196E-03  1.427290E+08  2.804584E+07  1.038616E+07  1.252306E+07  1.562762E+07  1.620821E+06
5.432863E-03  1.399056E+08  2.756505E+07  9.432636E+06  1.231680E+07  1.483847E+07  1.363280E+06
5.559411E-03  1.368827E+08  2.673737E+07  9.264129E+06  1.252159E+07  1.453151E+07  1.540171E+06
5.688906E-03  1.346173E+08  2.514290E+07  9.497259E+06  1.167215E+07  1.438887E+07  1.685726E+06
5.821418E-03  1.295821E+08  2.546045E+07  8.876591E+06  1.105345E+07  1.387749E+07  1.412018E+06
5.957016E-03  1.266108E+08  2.556365E+07  8.868580E+06  1.101745E+07  1.357597E+07  1.451745E+06
6.095773E-03  1.259341E+08  2.489044E+07  8.856335E+06  1.110378E+07  1.346360E+07  1.460839E+06
6.237762E-03  1.239872E+08  2.367871E+07  8.743964E+06  1.061767E+07  1.375424E+07  1.331498E+06
6.383058E-03  1.201790E+08  2.295862E+07  8.766264E+06  1.032903E+07  1.309238E+07  1.287776E+06
6.531738E-03  1.161390E+08  2.297349E+07  8.566719E+06  1.057239E+07  1.287957E+07  1.369889E+06
6.683882E-03  1.146547E+08  2.236088E+07  7.878509E+06  9.819313E+06  1.184979E+07  1.377138E+06
6.839570E-03  1.106114E+08  2.222119E+07  7.830622E+06  9.796102E+06  1.220601E+07  1.489759E+06
6.998884E-03  1.067356E+08  2.115873E+07  7.988811E+06  9.524179E+06  1.205662E+07  1.284571E+06
7.161909E-03  1.052744E+08  2.137052E+07  7.705341E+06  9.683982E+06  1.138167E+07  1.189576E+06
7.328731E-03  1.036258E+08  2.125793E+07  7.506579E+06  9.247405E+06  1.161329E+07  1.261806E+06
7.499439E-03  1.016438E+08  2.075692E+07  7.141612E+06  8.974112E+06  1.145741E+07  1.198832E+06
7.674123E-03  9.841519E+07  2.059684E+07  6.906525E+06  8.602473E+06  1.100693E+07  1.232910E+06
7.852877E-03  9.519367E+07  1.915213E+07  7.229071E+06  8.902770E+06  1.086541E+07  1.324784E+06
8.035794E-03  9.443331E+07  2.009072E+07  7.064517E+06  8.428406E+06  1.099102E+07  1.172092E+06
8.222971E-03  9.212234E+07  1.907631E+07  6.575705E+06  8.382331E+06  1.041804E+07  1.062109E+06
8.414509E-03  8.822935E+07  1.861664E+07  6.639715E+06  8.278021E+06  1.054214E+07  1.139691E+06
8.610508E-03  8.871202E+07  1.799896E+07  6.309582E+06  8.104506E+06  9.954123E+06  9.397249E+05
8.811073E-03  8.530790E+07  1.714710E+07  6.224265E+06  7.900589E+06  9.960768E+06  1.068960E+06
9.016309E-03  8.350851E+07  1.776817E+07  6.082583E+06  7.768233E+06  9.577339E+06  1.020886E+06
9.226326E-03  8.287904E+07  1.711779E+07  6.264302E+06  7.767735E+06  9.215485E+06  9.790873E+05
9.441234E-03  8.132351E+07  1.709544E+07  6.139848E+06  7.459416E+06  9.259652E+06  9.749389E+05
9.661149E-03  7.789036E+07  1.635179E+07  5.844990E+06  7.382678E+06  9.110916E+06  1.081257E+06
9.886186E-03  7.749879E+07  1.621343E+07  6.062713E+06  7.301238E+06  9.046433E+06  9.743645E+05
1.011646E-02  7.513800E+07  1.613637E+07  5.573458E+06  7.236608E+06  9.081732E+06  1.062216E+06
1.035211E-02  7.316711E+07  1.554987E+07  5.591337E+06  7.175273E+06  8.767480E+06  9.305109E+05
1.059324E-02  7.229779E+07  1.572130E+07  5.375150E+06  6.805829E+06  8.192052E+06  8.648738E+05
1.083999E-02  7.035193E+07  1.530025E+07  5.450270E+06  6.532425E+06  7.962134E+06  8.293889E+05
1.109248E-02  6.865789E+07  1.509092E+07  5.121650E+06  6.750388E+06  8.058783E+06  9.224373E+05
1.135086E-02  6.693287E+07  1.445699E+07  5.152164E+06  6.547698E+06  7.969635E+06  7.618866E+05
1.161526E-02  6.497436E+07  1.406525E+07  5.016457E+06  6.442885E+06  7.898800E+06  7.887742E+05
1.188581E-02  6.410049E+07  1.429258E+07  4.977909E+06  6.206178E+06  7.870284E+06  8.140431E+05
1.216267E-02  6.175083E+07  1.379828E+07  4.857558E+06  6.040268E+06  7.694654E+06  8.166330E+05
1.244597E-02  6.149756E+07  1.369747E+07  4.743547E+06  6.064448E+06  7.319991E+06  7.774051E+05
1.273587E-02  5.955650E+07  1.342601E+07  4.642294E+06  5.802027E+06  7.506330E+06  7.597092E+05
1.303253E-02  5.828295E+07  1.272291E+07  4.589183E+06  5.673242E+06  7.286190E+06  7.325610E+05
1.333610E-02  5.670908E+07  1.243330E+07  4.542505E+06  5.656462E+06  7.036869E+06  7.158859E+05
1.364674E-02  5.572880E+07  1.268988E+07  4.382636E+06  5.650055E+06  6.832770E+06  6.337096E+05
1.396461E-02  5.363557E+07  1.182466E+07  4.270611E+06  5.377353E+06  6.637383E+06  7.173892E+05
1.428989E-02  5.263338E+07  1.200489E+07  4.523930E+06  5.356813E+06  6.546217E+06  7.190353E+05
1.462274E-02  5.150264E+07  1.164672E+07  4.312625E+06  5.264155E+06  6.596296E+06  7.553681E+05
1.496335E-02  5.075088E+07  1.167631E+07  4.340348E+06  5.233023E+06  6.217255E+06  6.609231E+05
1.531189E-02  4.918184E+07  1.159226E+07  3.945172E+06  4.904204E+06  6.419642E+06  6.570627E+05
1.566855E-02  4.809511E+07  1.082564E+07  4.177788E+06  4.945583E+06  6.251654E+06  6.503032E+05
1.603352E-02  4.754772E+07  1.095037E+07  3.845045E+06  4.606044E+06  6.192125E+06  6.248198E+05
1.640699E-02  4.649672E+07  1.071154E+07  3.812318E+06  4.662979E+06  5.803283E+06  6.653944E+05
1.678915E-02  4.521902E+07  1.005972E+07  3.682190E+06  4.574687E+06  5.849683E+06  5.635484E+05
1.718022E-02  4.372122E+07  1.040139E+07  3.663163E+06  4.455603E+06  5.738956E+06  5.781319E+05
1.758040E-02  4.298901E+07  1.016219E+07  3.735634E+06  4.439414E+06  5.381845E+06  5.503607E+05
1.798990E-02  4.165111E+07  9.766665E+06  3.553029E+06  4.324082E+06  5.692462E+06  5.616308E+05
1.840894E-02  4.103558E+07  9.569931E+06  3.348894E+06  4.469844E+06  5.446604E+06  5.953590E+05
1.883774E-02  4.008786E+07  9.611178E+06  3.515841E+06  4.277190E+06  5.377169E+06  5.613528E+05
1.927653E-02  3.861567E+07  9.361308E+06  3.346973E+06  4.295319E+06  5.256991E+06  5.330282E+05
1.972553E-02  3.831400E+07  9.215501E+06  3.331558E+06  4.121582E+06  5.100430E+06  5.382582E+05
2.018500E-02  3.707493E+07  8.999367E+06  3.151794E+06  3.917471E+06  4.772231E+06  5.111590E+05
2.065517E-02  3.655849E+07  8.686736E+06  3.119431E+06  3.886335E+06  4.922691E+06  5.575595E+05
2.113629E-02  3.548326E+07  8.894108E+06  3.082859E+06  3.945735E+06  4.764049E+06  4.901786E+05
2.162862E-02  3.454888E+07  8.458081E+06  3.030499E+06  3.893528E+06  4.566532E+06  5.067327E+05
2.213241E-02  3.396749E+07  8.729800E+06  2.847389E+06  3.756541E+06  4.623138E+06  4.197577E+05
2.264794E-02  3.354023E+07  8.124663E+06  2.822271E+06  3.606761E+06  4.572722E+06  4.442289E+05
2.317548E-02  3.240176E+07  7.926792E+06  2.891035E+06  3.478478E+06  4.411368E+06  4.747578E+05
2.371531E-02  3.150353E+07  7.845645E+06  2.863137E+06  3.624955E+06  4.500505E+06  4.170143E+05
2.426771E-02  3.137918E+07  7.608839E+06  2.819134E+06  3.418950E+06  4.225173E+06  4.710318E+05
2.483298E-02  3.033045E+07  7.549425E+06  2.858403E+06  3.389397E+06  4.341049E+06  4.344497E+05
2.541141E-02  2.980515E+07  7.490459E+06  2.724263E+06  3.288658E+06  4.109138E+06  4.649947E+05
2.600332E-02  2.901969E+07  7.270562E+06  2.635908E+06  3.315877E+06  3.959625E+06  4.823992E+05
2.660901E-02  2.848944E+07  7.183902E+06  2.524422E+06  3.211438E+06  3.986945E+06  3.813180E+05
2.722882E-02  2.768843E+07  7.036100E+06  2.448091E+06  3.100601E+06  3.891474E+06  3.915059E+05
2.786306E-02  2.684305E+07  6.905132E+06  2.398512E+06  3.026949E+06  3.970374E+06  4.332994E+05
2.851207E-02  2.622001E+07  6.627829E+06  2.390463E+06  2.995586E+06  3.678790E+06  3.934053E+05
2.917620E-02  2.571415E+07  6.496037E+06  2.447569E+06  2.856965E+06  3.753527E+06  4.035261E+05
2.985580E-02  2.511162E+07  6.662207E+06  2.391856E+06  2.823480E+06  3.701067E+06  3.584916E+05
3.055124E-02  2.443351E+07  6.317174E+06  2.288364E+06  2.818065E+06  3.574781E+06  3.867658E+05
3.126287E-02  2.390609E+07  6.359620E+06  2.397867E+06  2.744332E+06  3.405765E+06  4.176753E+05
3.199107E-02  2.362957E+07  6.056943E+06  2.240239E+06  2.655098E+06  3.395153E+06  3.814027E+05
3.273624E-02  2.284583E+07  6.082544E+06  2.134318E+06  2.728056E+06  3.327025E+06  3.910301E+05
3.349876E-02  2.236542E+07  5.936421E+06  2.127910E+06  2.521541E+06  3.251293E+06  3.258961E+05
3.427905E-02  2.188255E+07  5.805038E+06  2.066983E+06  2.658977E+06  3.229739E+06  3.609415E+05
3.507751E-02  2.105978E+07  5.703412E+06  2.015051E+06  2.574041E+06  3.082991E+06  3.331974E+05
3.589457E-02  2.108493E+07  5.622488E+06  2.000193E+06  2.490402E+06  3.127315E+06  3.256129E+05
3.673066E-02  2.019936E+07  5.407087E+06  1.952332E+06  2.354455E+06  2.958221E+06  3.671550E+05
3.758623E-02  2.026580E+07  5.249835E+06  1.952314E+06  2.409069E+06  2.945557E+06  3.143750E+05
3.846173E-02  1.947501E+07  5.106959E+06  1.852219E+06  2.323065E+06  2.859585E+06  2.960878E+05
3.935762E-02  1.910676E+07  5.260478E+06  1.905781E+06  2.237553E+06  2.918499E+06  2.860847E+05
4.027437E-02  1.854534E+07  5.004669E+06  1.762477E+06  2.289732E+06  2.775529E+06  3.401645E+05
4.121248E-02  1.819799E+07  4.970738E+06  1.745212E+06  2.171127E+06  2.775718E+06  3.022957E+05
4.217245E-02  1.796141E+07  4.965198E+06  1.784670E+06  2.209011E+06  2.705429E+06  2.842477E+05
4.315477E-02  1.725395E+07  4.691463E+06  1.712300E+06  2.117061E+06  2.670632E+06  2.986108E+05
4.415997E-02  1.693391E+07  4.666108E+06  1.683987E+06  2.164849E+06  2.552641E+06  2.772713E+05
4.518859E-02  1.638455E+07  4.479365E+06  1.706289E+06  1.955459E+06  2.558013E+06  2.558013E+05
4.624117E-02  1.600418E+07  4.541277E+06  1.585049E+06  2.055379E+06  2.418311E+06  2.823832E+05
4.731826E-02  1.570502E+07  4.300379E+06  1.608684E+06  1.914497E+06  2.501693E+06  2.533360E+05
4.842045E-02  1.532101E+07  4.332465E+06  1.544656E+06  1.975250E+06  2.418223E+06  2.740947E+05
4.954830E-02  1.502238E+07  4.185459E+06  1.474934E+06  1.911279E+06  2.377002E+06  2.626712E+05
5.070243E-02  1.462132E+07  4.258218E+06  1.499622E+06  1.919280E+06  2.288275E+06  2.186949E+05
5.188344E-02  1.442300E+07  3.997082E+06  1.458060E+06  1.879718E+06  2.261768E+06  2.260942E+05
5.309196E-02  1.399551E+07  3.996412E+06  1.455513E+06  1.784516E+06  2.214315E+06  2.193350E+05
5.432863E-02  1.363516E+07  3.856585E+06  1.370372E+06  1.745471E+06  2.180460E+06  2.222225E+05
5.559411E-02  1.347727E+07  3.813463E+06  1.356121E+06  1.728842E+06  2.096173E+06  2.179342E+05
5.688906E-02  1.321338E+07  3.738699E+06  1.326004E+06  1.665407E+06  2.103395E+06  2.227566E+05
5.821418E-02  1.289275E+07  3.716107E+06  1.339946E+06  1.584107E+06  1.994475E+06  2.176861E+05
5.957016E-02  1.247926E+07  3.537371E+06  1.295790E+06  1.563860E+06  1.988603E+06  2.120123E+05
6.095773E-02  1.221065E+07  3.439994E+06  1.283150E+06  1.559867E+06  1.840095E+06  2.064839E+05
6.237762E-02  1.202604E+07  3.395321E+06  1.220998E+06  1.567599E+06  1.957440E+06  1.818799E+05
6.383058E-02  1.153163E+07  3.425349E+06  1.198570E+06  1.516490E+06  1.883372E+06  1.958492E+05
6.531738E-02  1.140744E+07  3.289699E+06  1.207993E+06  1.467550E+06  1.885727E+06  1.907357E+05
6.683882E-02  1.116571E+07  3.209692E+06  1.184339E+06  1.454001E+06  1.837678E+06  1.767861E+05
6.839570E-02  1.075944E+07  3.211744E+06  1.123578E+06  1.409011E+06  1.745146E+06  1.977999E+05
6.998884E-02  1.055734E+07  3.063397E+06  1.066806E+06  1.428321E+06  1.691964E+06  2.012495E+05
7.161909E-02  1.035947E+07  3.027141E+06  1.143547E+06  1.307338E+06  1.612204E+06  1.882996E+05
7.328731E-02  1.009445E+07  2.922600E+06  1.096486E+06  1.317302E+06  1.671309E+06  1.740825E+05
7.499439E-02  9.866385E+06  2.858928E+06  1.051547E+06  1.282750E+06  1.595588E+06  1.706908E+05
7.674123E-02  9.703166E+06  2.857449E+06  1.022590E+06  1.251320E+06  1.613940E+06  1.790787E+05
7.852877E-02  9.525909E+06  2.785864E+06  1.069641E+06  1.233194E+06  1.581018E+06  1.504693E+05
8.035794E-02  9.201453E+06  2.678230E+06  9.760328E+05  1.184345E+06  1.508802E+06  1.566341E+05
8.222971E-02  9.063851E+06  2.722956E+06  9.517330E+05  1.195914E+06  1.478622E+06  1.442178E+05
8.414509E-02  8.753740E+06  2.659448E+06  9.432975E+05  1.176324E+06  1.468369E+06  1.663745E+05
8.610508E-02  8.529620E+06  2.584492E+06  9.357473E+05  1.173413E+06  1.433951E+06  1.481683E+05
8.811073E-02  8.350039E+06  2.585427E+06  8.498235E+05  1.172941E+06  1.408112E+06  1.491686E+05
9.016309E-02  8.235467E+06  2.462948E+06  9.078766E+05  1.115378E+06  1.389830E+06  1.543200E+05
9.226326E-02  7.978865E+06  2.474167E+06  8.649378E+05  1.087204E+06  1.339169E+06  1.535914E+05
9.441234E-02  7.765048E+06  2.426464E+06  8.198556E+05  1.062003E+06  1.295989E+06  1.500952E+05
9.661149E-02  7.598930E+06  2.267980E+06  8.313268E+05  1.029409E+06  1.294406E+06  1.329414E+05
9.886186E-02  7.432886E+06  2.300366E+06  8.496459E+05  1.003812E+06  1.205614E+06  1.294822E+05
1.011646E-01  7.288661E+06  2.199336E+06  8.209953E+05  1.001276E+06  1.261540E+06  1.333059E+05
1.035211E-01  7.130195E+06  2.207999E+06  8.114055E+05  1.002884E+06  1.206356E+06  1.273766E+05
1.059324E-01  6.895550E+06  2.119345E+06  7.593915E+05  9.889468E+05  1.142522E+06  1.070989E+05
1.083999E-01  6.701463E+06  2.073867E+06  7.590884E+05  9.447135E+05  1.170623E+06  1.240134E+05
1.109248E-01  6.661232E+06  2.005047E+06  7.047575E+05  9.042973E+05  1.135100E+06  1.235062E+05
1.135086E-01  6.485842E+06  1.989957E+06  7.162488E+05  8.893706E+05  1.069659E+06  1.112656E+05
1.161526E-01  6.328255E+06  1.999580E+06  7.275890E+05  8.930841E+05  1.107601E+06  1.142617E+05
1.188581E-01  6.223828E+06  1.902916E+06  6.829317E+05  8.619491E+05  1.057896E+06  1.231870E+05
1.216267E-01  6.126860E+06  1.871920E+06  6.758342E+05  8.314169E+05  1.046487E+06  1.080631E+05
1.244597E-01  5.871816E+06  1.846165E+06  6.638902E+05  8.358825E+05  1.040897E+06  9.631568E+04
1.273587E-01  5.691768E+06  1.834731E+06  6.410467E+05  7.842485E+05  9.926643E+05  1.129479E+05
1.303253E-01  5.620024E+06  1.771615E+06  6.287542E+05  8.209283E+05  9.720395E+05  9.395177E+04
1.333610E-01  5.411520E+06  1.712990E+06  5.916492E+05  7.508776E+05  9.595439E+05  9.117112E+04
1.364674E-01  5.357356E+06  1.663331E+06  5.944949E+05  7.764512E+05  9.135458E+05  9.913478E+04
1.396461E-01  5.154778E+06  1.680346E+06  5.950651E+05  7.550981E+05  9.129850E+05  1.020900E+05
1.428989E-01  5.121029E+06  1.640898E+06  5.737302E+05  7.187357E+05  8.969965E+05  8.928021E+04
1.462274E-01  5.040765E+06  1.602961E+06  5.732600E+05  7.143792E+05  8.666239E+05  1.039363E+05
1.496335E-01  4.799561E+06  1.542726E+06  5.433303E+05  6.901067E+05  8.775113E+05  8.354526E+04
1.531189E-01  4.778663E+06  1.539484E+06  5.561267E+05  6.844636E+05  8.480303E+05  8.695596E+04
1.566855E-01  4.656499E+06  1.514551E+06  5.213355E+05  6.727086E+05  8.306394E+05  8.606954E+04
1.603352E-01  4.632745E+06  1.446698E+06  5.305628E+05  6.282911E+05  7.898363E+05  8.037212E+04
1.640699E-01  4.423437E+06  1.407244E+06  5.166592E+05  6.379958E+05  8.005608E+05  8.350047E+04
1.678915E-01  4.357683E+06  1.397141E+06  4.773586E+05  6.252582E+05  7.481679E+05  8.312976E+04
1.718022E-01  4.297862E+06  1.356367E+06  5.021275E+05  6.172555E+05  7.510731E+05  8.372945E+04
1.758040E-01  4.116990E+06  1.294809E+06  4.590398E+05  5.825056E+05  7.342201E+05  7.330025E+04
1.798990E-01  4.016374E+06  1.314121E+06  4.861914E+05  5.766235E+05  7.158413E+05  7.282163E+04
1.840894E-01  3.968207E+06  1.276999E+06  4.414029E+05  5.581490E+05  6.837326E+05  7.860599E+04
1.883774E-01  3.881062E+06  1.242476E+06  4.415824E+05  5.533984E+05  7.131681E+05  6.227153E+04
1.927653E-01  3.751408E+06  1.229074E+06  4.328633E+05  5.454655E+05  6.838308E+05  7.684490E+04
1.972553E-01  3.638452E+06  1.177223E+06  4.414585E+05  5.341344E+05  6.537232E+05  7.466162E+04
2.018500E-01  3.653620E+06  1.169303E+06  4.205926E+05  5.342778E+05  6.466903E+05  6.638704E+04
2.065517E-01  3.494592E+06  1.123410E+06  4.041788E+05  4.972436E+05  6.286535E+05  6.674132E+04
2.113629E-01  3.388916E+06  1.138956E+06  3.984220E+05  4.917990E+05  6.295351E+05  6.988083E+04
2.162862E-01  3.329986E+06  1.088090E+06  3.863837E+05  4.901055E+05  6.059018E+05  6.274776E+04
2.213241E-01  3.258829E+06  1.078797E+06  3.830047E+05  4.820443E+05  5.909492E+05  6.557505E+04
2.264794E-01  3.198070E+06  1.049514E+06  3.723961E+05  4.814685E+05  5.837357E+05  6.238108E+04
2.317548E-01  3.139128E+06  1.027657E+06  3.506188E+05  4.512970E+05  5.647216E+05  5.246350E+04
2.371531E-01  3.049259E+06  1.011305E+06  3.633982E+05  4.269432E+05  5.619764E+05  6.029557E+04
2.426771E-01  2.990611E+06  9.766412E+05  3.440120E+05  4.355721E+05  5.497135E+05  6.280424E+04
2.483298E-01  2.940466E+06  9.587201E+05  3.416981E+05  4.356565E+05  5.384073E+05  4.999619E+04
2.541141E-01  2.851631E+06  9.417828E+05  3.339201E+05  4.205170E+05  5.108203E+05  5.643958E+04
2.600332E-01  2.742431E+06  9.061860E+05  3.450883E+05  4.068288E+05  5.074247E+05  5.482557E+04
2.660901E-01  2.720390E+06  9.088883E+05  3.124555E+05  4.057738E+05  5.042407E+05  4.907257E+04
2.722882E-01  2.620888E+06  8.622563E+05  3.202801E+05  3.850594E+05  4.690209E+05  4.496815E+04
2.786306E-01  2.582433E+06  8.358683E+05  3.119141E+05  3.868964E+05  4.667956E+05  5.193446E+04
2.851207E-01  2.537464E+06  8.411667E+05  2.979069E+05  3.773388E+05  4.656297E+05  4.444579E+04
2.917620E-01  2.467379E+06  8.060251E+05  2.890714E+05  3.732983E+05  4.623676E+05  5.121113E+04
2.985580E-01  2.422112E+06  7.997230E+05  2.817744E+05  3.480236E+05  4.516994E+05  4.975863E+04
3.055124E-01  2.363896E+06  7.690473E+05  2.825072E+05  3.618222E+05  4.331496E+05  4.862599E+04
3.126287E-01  2.329670E+06  7.619493E+05  2.771721E+05  3.422199E+05  4.189078E+05  4.779301E+04
3.199107E-01  2.252819E+06  7.484861E+05  2.764835E+05  3.310843E+05  4.226210E+05  4.563450E+04
3.273624E-01  2.175121E+06  7.302715E+05  2.593353E+05  3.329641E+05  4.060697E+05  4.106469E+04
3.349876E-01  2.136600E+06  7.211888E+05  2.576496E+05  3.288355E+05  3.997658E+05  4.281380E+04
3.427905E-01  2.106075E+06  7.120164E+05  2.580294E+05  3.142314E+05  3.755540E+05  4.133966E+04
3.507751E-01  2.052764E+06  6.701783E+05  2.403171E+05  3.163544E+05  3.761591E+05  3.820175E+04
3.589457E-01  2.003533E+06  6.649421E+05  2.338926E+05  2.994923E+05  3.666425E+05  4.258015E+04
3.673066E-01  1.949768E+06  6.544684E+05  2.383594E+05  2.955890E+05  3.594623E+05  3.531682E+04
3.758623E-01  1.890237E+06  6.375206E+05  2.268968E+05  2.855573E+05  3.528746E+05  3.428510E+04
3.846173E-01  1.866689E+06  6.213392E+05  2.215093E+05  2.876282E+05  3.372730E+05  3.506303E+04
3.935762E-01  1.809187E+06  6.185087E+05  2.242991E+05  2.679189E+05  3.462387E+05  3.926867E+04
4.027437E-01  1.769280E+06  5.891223E+05  2.143036E+05  2.579935E+05  3.341053E+05  3.794960E+04
4.121248E-01  1.733577E+06  5.959692E+05  2.120225E+05  2.650022E+05  3.204750E+05  3.282661E+04
4.217245E-01  1.693609E+06  5.755001E+05  2.104448E+05  2.533865E+05  3.252606E+05  3.228242E+04
4.315477E-01  1.659621E+06  5.661700E+05  2.055553E+05  2.472219E+05  3.171623E+05  3.194441E+04
4.415997E-01  1.623007E+06  5.468838E+05  2.015549E+05  2.556519E+05  3.063557E+05  3.150811E+04
4.518859E-01  1.595537E+06  5.336773E+05  1.997145E+05  2.349582E+05  2.876343E+05  3.211727E+04
4.624117E-01  1.568013E+06  5.208812E+05  1.893356E+05  2.287766E+05  2.946969E+05  3.194170E+04
4.731826E-01  1.531326E+06  5.166246E+05  1.815877E+05  2.362359E+05  2.788506E+05  2.904317E+04
4.842045E-01  1.488688E+06  5.035385E+05  1.740943E+05  2.200715E+05  2.679055E+05  2.873573E+04
4.954830E-01  1.431299E+06  4.800663E+05  1.734149E+05  2.208512E+05  2.689788E+05  2.790882E+04
5.070243E-01  1.422108E+06  4.797778E+05  1.697208E+05  2.109266E+05  2.651359E+05  2.938449E+04
5.188344E-01  1.385776E+06  4.703420E+05  1.694882E+05  2.046400E+05  2.581930E+05  2.384717E+04
5.309196E-01  1.360119E+06  4.520558E+05  1.626465E+05  2.002238E+05  2.540899E+05  2.612666E+04
5.432863E-01  1.300553E+06  4.522465E+05  1.565014E+05  2.029159E+05  2.523250E+05  2.482273E+04
5.559411E-01  1.289200E+06  4.308628E+05  1.541711E+05  1.945236E+05  2.432700E+05  2.548983E+04
5.688906E-01  1.250146E+06  4.278282E+05  1.479526E+05  1.909988E+05  2.316368E+05  2.453333E+04
5.821418E-01  1.225661E+06  4.147802E+05  1.531157E+05  1.839300E+05  2.191569E+05  2.397489E+04
5.957016E-01  1.199558E+06  4.079978E+05  1.419404E+05  1.735626E+05  2.151745E+05  2.314168E+04
6.095773E-01  1.164598E+06  3.953395E+05  1.415890E+05  1.768458E+05  2.220756E+05  2.268514E+04
6.237762E-01  1.134313E+06  3.878504E+05  1.364443E+05  1.726144E+05  2.188736E+05  2.175696E+04
6.383058E-01  1.108426E+06  3.806986E+05  1.389054E+05  1.729778E+05  2.130195E+05  2.032271E+04
6.531738E-01  1.075657E+06  3.732782E+05  1.371199E+05  1.617648E+05  2.090883E+05  2.169536E+04
6.683882E-01  1.069171E+06  3.700337E+05  1.213162E+05  1.652565E+05  1.911980E+05  2.164989E+04
6.839570E-01  1.035820E+06  3.595451E+05  1.288829E+05  1.586781E+05  1.963602E+05  2.322271E+04
6.998884E-01  1.005024E+06  3.472625E+05  1.170183E+05  1.592869E+05  1.910341E+05  1.804517E+04
7.161909E-01  9.837610E+05  3.409120E+05  1.199738E+05  1.567968E+05  1.905712E+05  2.163951E+04
7.328731E-01  9.700720E+05  3.269013E+05  1.152567E+05  1.450493E+05  1.834877E+05  1.892709E+04
7.499439E-01  9.437660E+05  3.208873E+05  1.206824E+05  1.455724E+05  1.758857E+05  1.906713E+04
7.674123E-01  9.292010E+05  3.162608E+05  1.133607E+05  1.403620E+05  1.750062E+05  1.829839E+04
7.852877E-01  9.001447E+05  3.062269E+05  1.139969E+05  1.444179E+05  1.684057E+05  1.760927E+04
8.035794E-01  8.848228E+05  3.006948E+05  1.031974E+05  1.362823E+05  1.613225E+05  1.779448E+04
8.222971E-01  8.500517E+05  3.009309E+05  1.036598E+05  1.281299E+05  1.607742E+05  1.712911E+04
8.414509E-01  8.380796E+05  2.875175E+05  1.046582E+05  1.267906E+05  1.534003E+05  1.521283E+04
8.610508E-01  8.341675E+05  2.794314E+05  9.785072E+04  1.267883E+05  1.586594E+05  1.700455E+04
8.811073E-01  8.023520E+05  2.691351E+05  1.042236E+05  1.258458E+05  1.484883E+05  1.574287E+04
9.016309E-01  7.840882E+05  2.722205E+05  9.449134E+04  1.196099E+05  1.464378E+05  1.509962E+04
9.226326E-01  7.692099E+05  2.653744E+05  9.373252E+04  1.181865E+05  1.436613E+05  1.563755E+04
9.441234E-01  7.594547E+05  2.557968E+05  9.069199E+04  1.155869E+05  1.407993E+05  1.464676E+04
9.661149E-01  7.319310E+05  2.517467E+05  8.862759E+04  1.120696E+05  1.351128E+05  1.493375E+04
9.886186E-01  7.145340E+05  2.410794E+05  8.860221E+04  1.095619E+05  1.358048E+05  1.364110E+04
1.011646E+00  6.975498E+05  2.451137E+05  8.599291E+04  1.025821E+05  1.338138E+05  1.481177E+04
1.035211E+00  6.875855E+05  2.323796E+05  8.238123E+04  1.048376E+05  1.307678E+05  1.550851E+04
1.059324E+00  6.753694E+05  2.303232E+05  8.430498E+04  1.024916E+05  1.274274E+05  1.273062E+04
1.083999E+00  6.585348E+05  2.241325E+05  7.962134E+04  1.009485E+05  1.214067E+05  1.323073E+04
1.109248E+00  6.359028E+05  2.172552E+05  7.630370E+04  9.552436E+04  1.156713E+05  1.258220E+04
1.135086E+00  6.179202E+05  2.140071E+05  7.354846E+04  9.455691E+04  1.144339E+05  1.218264E+04
1.161526E+00  6.091991E+05  2.072191E+05  7.677648E+04  9.280998E+04  1.119027E+05  1.186847E+04
1.188581E+00  5.988980E+05  2.031146E+05  7.510088E+04  9.152582E+04  1.114807E+05  1.188647E+04
1.216267E+00  5.813582E+05  1.994767E+05  7.494016E+04  8.940723E+04  1.087319E+05  1.175670E+04
1.244597E+00  5.656138E+05  1.927345E+05  6.859052E+04  8.503298E+04  1.105910E+05  1.148908E+04
1.273587E+00  5.542179E+05  1.860951E+05  6.645775E+04  8.528240E+04  1.041743E+05  1.163095E+04
1.303253E+00  5.414710E+05  1.847171E+05  6.747446E+04  8.156722E+04  1.040040E+05  1.057779E+04
1.333610E+00  5.250044E+05  1.811865E+05  6.237517E+04  8.137985E+04  9.868311E+04  1.056172E+04
1.364674E+00  5.093520E+05  1.746466E+05  6.428075E+04  7.833530E+04  9.649955E+04  1.107423E+04
1.396461E+00  5.045024E+05  1.730318E+05  6.235767E+04  7.554046E+04  9.252481E+04  9.994396E+03
1.428989E+00  4.960145E+05  1.694227E+05  5.713334E+04  7.445011E+04  9.179683E+04  8.928021E+03
1.462274E+00  4.778143E+05  1.649806E+05  5.638911E+04  7.249192E+04  8.938523E+04  9.251796E+03
1.496335E+00  4.750063E+05  1.623124E+05  5.562054E+04  7.244404E+04  8.760807E+04  9.212867E+03
1.531189E+00  4.628797E+05  1.590931E+05  5.770968E+04  7.099073E+04  8.650859E+04  9.953801E+03
1.566855E+00  4.453211E+05  1.514004E+05  5.535774E+04  6.669707E+04  8.434815E+04  8.060481E+03
1.603352E+00  4.348906E+05  1.441358E+05  5.297618E+04  6.691447E+04  8.312240E+04  9.585911E+03
1.640699E+00  4.225646E+05  1.442210E+05  5.080482E+04  6.507818E+04  8.297859E+04  8.819737E+03
1.678915E+00  4.136853E+05  1.438706E+05  5.275935E+04  6.142933E+04  7.797878E+04  8.159977E+03
1.718022E+00  4.070098E+05  1.369325E+05  5.008815E+04  6.262265E+04  7.700119E+04  9.145449E+03
1.758040E+00  4.040767E+05  1.309664E+05  4.843661E+04  6.268267E+04  7.181476E+04  8.377171E+03
1.798990E+00  3.915471E+05  1.331969E+05  4.809559E+04  5.856667E+04  7.096539E+04  7.877111E+03
1.840894E+00  3.822391E+05  1.301650E+05  4.748918E+04  5.655910E+04  7.041980E+04  6.744301E+03
1.883774E+00  3.749246E+05  1.239294E+05  4.513549E+04  5.686254E+04  6.813505E+04  7.204406E+03
1.927653E+00  3.627923E+05  1.247952E+05  4.386378E+04  5.521284E+04  6.647306E+04  6.995995E+03
1.972553E+00  3.495205E+05  1.196105E+05  4.060811E+04  5.295766E+04  6.578470E+04  6.988675E+03
2.018500E+00  3.483092E+05  1.145972E+05  3.970496E+04  5.253696E+04  6.460540E+04  7.784039E+03
2.065517E+00  3.411477E+05  1.138126E+05  4.052152E+04  5.100944E+04  6.338353E+04  6.798495E+03
2.113629E+00  3.308503E+05  1.075760E+05  3.737105E+04  5.207641E+04  6.100900E+04  6.380423E+03
2.162862E+00  3.207262E+05  1.103529E+05  4.004376E+04  4.873343E+04  6.104545E+04  6.116422E+03
2.213241E+00  3.150697E+05  1.048040E+05  3.789426E+04  4.661825E+04  5.880477E+04  6.364068E+03
2.264794E+00  3.101852E+05  1.037416E+05  3.793904E+04  4.769317E+04  5.695582E+04  6.067978E+03
2.317548E+00  3.024780E+05  1.023593E+05  3.593011E+04  4.568389E+04  5.466180E+04  5.209404E+03
2.371531E+00  2.941485E+05  9.836843E+04  3.661060E+04  4.442737E+04  5.563801E+04  5.596296E+03
2.426771E+00  2.895346E+05  9.731128E+04  3.298987E+04  4.263984E+04  5.426568E+04  5.274850E+03
2.483298E+00  2.803407E+05  9.566513E+04  3.303197E+04  4.213472E+04  5.140988E+04  5.275460E+03
2.541141E+00  2.739762E+05  9.286416E+04  3.099965E+04  3.869902E+04  4.938042E+04  5.526024E+03
2.600332E+00  2.660769E+05  8.872523E+04  3.170993E+04  3.969503E+04  4.827285E+04  4.906313E+03
2.660901E+00  2.633668E+05  8.683431E+04  3.242007E+04  3.835705E+04  4.899212E+04  4.698095E+03
2.722882E+00  2.583939E+05  8.440175E+04  3.025130E+04  3.864745E+04  4.676058E+04  5.141463E+03
2.786306E+00  2.474877E+05  8.427826E+04  3.111458E+04  3.716848E+04  4.658736E+04  4.594203E+03
2.851207E+00  2.450074E+05  8.012255E+04  2.900989E+04  3.707320E+04  4.383016E+04  4.399533E+03
2.917620E+00  2.389755E+05  7.788788E+04  2.818813E+04  3.565703E+04  4.421179E+04  5.194482E+03
2.985580E+00  2.365041E+05  7.673154E+04  2.810574E+04  3.345443E+04  4.247408E+04  4.516994E+03
3.055124E+00  2.275052E+05  7.694677E+04  2.735387E+04  3.443056E+04  4.168943E+04  4.470228E+03
3.126287E+00  2.225593E+05  7.344238E+04  2.641625E+04  3.330447E+04  3.949428E+04  4.491721E+03
3.199107E+00  2.185772E+05  7.233269E+04  2.518596E+04  3.274711E+04  3.858190E+04  4.322564E+03
3.273624E+00  2.141642E+05  6.824063E+04  2.454727E+04  3.089007E+04  3.771674E+04  4.224171E+03
3.349876E+00  2.037809E+05  6.801643E+04  2.489590E+04  3.069813E+04  3.794453E+04  3.782950E+03
3.427905E+00  2.001539E+05  6.740488E+04  2.355487E+04  3.012425E+04  3.641887E+04  3.971605E+03
3.507751E+00  1.982341E+05  6.605364E+04  2.296987E+04  2.893813E+04  3.527254E+04  3.588280E+03
3.589457E+00  1.951292E+05  6.407298E+04  2.250665E+04  2.810051E+04  3.423110E+04  3.840562E+03
3.673066E+00  1.895919E+05  6.130906E+04  2.185447E+04  2.744921E+04  3.355681E+04  3.753140E+03
3.758623E+00  1.847864E+05  6.000462E+04  2.153924E+04  2.749642E+04  3.395478E+04  3.531024E+03
3.846173E+00  1.773856E+05  5.961829E+04  2.180587E+04  2.649207E+04  3.332658E+04  3.305943E+03
3.935762E+00  1.733043E+05  5.631410E+04  1.959082E+04  2.483390E+04  3.108860E+04  3.850722E+03
4.027437E+00  1.737921E+05  5.612713E+04  1.951694E+04  2.457688E+04  3.080614E+04  3.061480E+03
4.121248E+00  1.696907E+05  5.448594E+04  1.959208E+04  2.478617E+04  2.941929E+04  3.085286E+03
4.217245E+00  1.666098E+05  5.457556E+04  1.907505E+04  2.317634E+04  2.980540E+04  3.248545E+03
4.315477E+00  1.590375E+05  5.076383E+04  1.852180E+04  2.247021E+04  2.793647E+04  2.976187E+03
4.415997E+00  1.571140E+05  4.990884E+04  1.833287E+04  2.328691E+04  2.776591E+04  3.441655E+03
4.518859E+00  1.511880E+05  4.828960E+04  1.811452E+04  2.157257E+04  2.683071E+04  2.832762E+03
4.624117E+00  1.479873E+05  4.750518E+04  1.657265E+04  2.186849E+04  2.652550E+04  3.083069E+03
4.731826E+00  1.456501E+05  4.720193E+04  1.632208E+04  2.037546E+04  2.563218E+04  2.732410E+03
4.842045E+00  1.413798E+05  4.562351E+04  1.595939E+04  2.037143E+04  2.446516E+04  2.634846E+03
4.954830E+00  1.387405E+05  4.361725E+04  1.635647E+04  1.947569E+04  2.416748E+04  2.626712E+03
5.070243E+00  1.363424E+05  4.421184E+04  1.566329E+04  2.000341E+04  2.380313E+04  2.693578E+03
5.188344E+00  1.328180E+05  4.181918E+04  1.509220E+04  1.859089E+04  2.302201E+04  2.359962E+03
5.309196E+00  1.284722E+05  4.219779E+04  1.530506E+04  1.839349E+04  2.178835E+04  2.459454E+03
5.432863E+00  1.254612E+05  4.026010E+04  1.362492E+04  1.760444E+04  2.123722E+04  2.395590E+03
5.559411E+00  1.230597E+05  3.860439E+04  1.385384E+04  1.753485E+04  2.137757E+04  2.456573E+03
5.688906E+00  1.185953E+05  3.905014E+04  1.350838E+04  1.736147E+04  2.060499E+04  2.302822E+03
5.821418E+00  1.164841E+05  3.800681E+04  1.353184E+04  1.676771E+04  1.929758E+04  2.044484E+03
5.957016E+00  1.151478E+05  3.580492E+04  1.262012E+04  1.577515E+04  2.010164E+04  1.969199E+03
6.095773E+00  1.128498E+05  3.466683E+04  1.254355E+04  1.541606E+04  1.905411E+04  1.924374E+03
6.237762E+00  1.094505E+05  3.496213E+04  1.181876E+04  1.539459E+04  1.862039E+04  1.956067E+03
6.383058E+00  1.076768E+05  3.295230E+04  1.194546E+04  1.403139E+04  1.856543E+04  2.018856E+03
6.531738E+00  1.041705E+05  3.175651E+04  1.131305E+04  1.380376E+04  1.814938E+04  1.789376E+03
6.683882E+00  1.007809E+05  3.143717E+04  1.132456E+04  1.423896E+04  1.751207E+04  1.767861E+03
6.839570E+00  9.951337E+04  3.110341E+04  1.046587E+04  1.418400E+04  1.634353E+04  1.852809E+03
6.998884E+00  9.669764E+04  2.925153E+04  1.047232E+04  1.321273E+04  1.640581E+04  1.578188E+03
7.161909E+00  9.474162E+04  2.948234E+04  1.036545E+04  1.262504E+04  1.485475E+04  1.703663E+03
7.328731E+00  9.462379E+04  2.827965E+04  1.029307E+04  1.225588E+04  1.586605E+04  1.705775E+03
7.499439E+00  9.042046E+04  2.699084E+04  9.385140E+03  1.225663E+04  1.487122E+04  1.467142E+03
7.674123E+00  8.835666E+04  2.726906E+04  9.294241E+03  1.185490E+04  1.471681E+04  1.456061E+03
7.852877E+00  8.650352E+04  2.562340E+04  9.099034E+03  1.205935E+04  1.462715E+04  1.575567E+03
8.035794E+00  8.333573E+04  2.506145E+04  9.062401E+03  1.109758E+04  1.411838E+04  1.576996E+03
8.222971E+00  8.214164E+04  2.419943E+04  8.798845E+03  1.131354E+04  1.308893E+04  1.400526E+03
8.414509E+00  8.047538E+04  2.420316E+04  8.924184E+03  1.094408E+04  1.333031E+04  1.439877E+03
8.610508E+00  7.829052E+04  2.338374E+04  8.447580E+03  1.036183E+04  1.292246E+04  1.461794E+03
8.811073E+00  7.535685E+04  2.255506E+04  8.299020E+03  1.041751E+04  1.233678E+04  1.311906E+03
9.016309E+00  7.272984E+04  2.194668E+04  7.939172E+03  9.772019E+03  1.192300E+04  1.267798E+03
9.226326E+00  7.370532E+04  2.156312E+04  7.735253E+03  9.744470E+03  1.175369E+04  1.252860E+03
9.441234E+00  7.133379E+04  2.080474E+04  7.513832E+03  9.200703E+03  1.127301E+04  1.156323E+03
9.661149E+00  6.894783E+04  2.070341E+04  7.143384E+03  8.986838E+03  1.084359E+04  1.178747E+03
9.886186E+00  6.732209E+04  1.953493E+04  7.028416E+03  8.756289E+03  1.089556E+04  1.329466E+03
1.011646E+01  6.493904E+04  1.902678E+04  6.699152E+03  8.531580E+03  1.024551E+04  1.201869E+03
1.035211E+01  6.367176E+04  1.856473E+04  6.534254E+03  8.068563E+03  1.029765E+04  1.116613E+03
1.059324E+01  6.288925E+04  1.820681E+04  6.587590E+03  7.897025E+03  9.889468E+03  1.062906E+03
1.083999E+01  6.163150E+04  1.728684E+04  6.011095E+03  7.958184E+03  9.684103E+03  1.038711E+03
1.109248E+01  5.958019E+04  1.698597E+04  6.132857E+03  7.572477E+03  9.270688E+03  9.919095E+02
1.135086E+01  5.803539E+04  1.656538E+04  5.921594E+03  7.422736E+03  9.142639E+03  9.580158E+02
1.161526E+01  5.693181E+04  1.635785E+04  5.635681E+03  7.132141E+03  8.654401E+03  9.288370E+02
1.188581E+01  5.644632E+04  1.545241E+04  5.572233E+03  6.796899E+03  8.410578E+03  8.824803E+02
1.216267E+01  5.470737E+04  1.514291E+04  5.410194E+03  6.631623E+03  8.007931E+03  9.398320E+02
1.244597E+01  5.300802E+04  1.479134E+04  5.417757E+03  6.659541E+03  7.911645E+03  7.739653E+02
1.273587E+01  5.192243E+04  1.454877E+04  5.112910E+03  6.578544E+03  7.741638E+03  9.614019E+02
1.303253E+01  5.109860E+04  1.393508E+04  5.272468E+03  6.182421E+03  7.512857E+03  7.095658E+02
1.333610E+01  4.937366E+04  1.322944E+04  4.963048E+03  5.855497E+03  7.033659E+03  8.539267E+02
1.364674E+01  4.801449E+04  1.308830E+04  4.740274E+03  5.832011E+03  7.014727E+03  7.372365E+02
1.396461E+01  4.740900E+04  1.240409E+04  4.638503E+03  5.619548E+03  6.809065E+03  7.879018E+02
1.428989E+01  4.556886E+04  1.249623E+04  4.604822E+03  5.413736E+03  6.836827E+03  6.591157E+02
1.462274E+01  4.531330E+04  1.186045E+04  4.169164E+03  5.360771E+03  6.657779E+03  7.260903E+02
1.496335E+01  4.317173E+04  1.143311E+04  3.988428E+03  5.035605E+03  5.988364E+03  6.580620E+02
1.531189E+01  4.212750E+04  1.148881E+04  4.017868E+03  4.965716E+03  5.893992E+03  6.766348E+02
1.566855E+01  4.136256E+04  1.076279E+04  3.890890E+03  4.811697E+03  5.855461E+03  6.175148E+02
1.603352E+01  4.089099E+04  1.043236E+04  3.890438E+03  4.608714E+03  5.895736E+03  5.794269E+02
1.640699E+01  3.902864E+04  1.028360E+04  3.655755E+03  4.555994E+03  5.555391E+03  5.688470E+02
1.678915E+01  3.889504E+04  9.975572E+03  3.302241E+03  4.472687E+03  5.326935E+03  5.558984E+02
1.718022E+01  3.734184E+04  9.793355E+03  3.466299E+03  4.448127E+03  5.098525E+03  5.457366E+02
1.758040E+01  3.602671E+04  9.285510E+03  3.258330E+03  4.010814E+03  5.126147E+03  5.333141E+02
1.798990E+01  3.618949E+04  9.038449E+03  3.262694E+03  3.993290E+03  4.604897E+03  4.926169E+02
1.840894E+01  3.452384E+04  8.553634E+03  3.053540E+03  3.948905E+03  4.537287E+03  4.465192E+02
1.883774E+01  3.385617E+04  8.293022E+03  3.072668E+03  3.729474E+03  4.545367E+03  4.386279E+02
1.927653E+01  3.336090E+04  8.104250E+03  2.818387E+03  3.513544E+03  4.488542E+03  5.085977E+02
1.972553E+01  3.164437E+04  7.915434E+03  2.752062E+03  3.440077E+03  4.108559E+03  5.360878E+02
2.018500E+01  3.159217E+04  7.542246E+03  2.610941E+03  3.459337E+03  4.065941E+03  4.199563E+02
2.065517E+01  3.090413E+04  7.237910E+03  2.727689E+03  3.160886E+03  3.915353E+03  3.958880E+02
2.113629E+01  3.006901E+04  6.947572E+03  2.600782E+03  3.242876E+03  3.895097E+03  3.970041E+02
2.162862E+01  2.917276E+04  6.924027E+03  2.333742E+03  2.947363E+03  3.747051E+03  3.661935E+02
2.213241E+01  2.818180E+04  6.656158E+03  2.328978E+03  2.891879E+03  3.572776E+03  3.365799E+02
2.264794E+01  2.785032E+04  6.385554E+03  2.391275E+03  2.788245E+03  3.468766E+03  3.799575E+02
2.317548E+01  2.685614E+04  6.234659E+03  2.209379E+03  2.748792E+03  3.397197E+03  3.583775E+02
2.371531E+01  2.583322E+04  5.960957E+03  2.137424E+03  2.695248E+03  3.244046E+03  3.339725E+02
2.426771E+01  2.538632E+04  5.692957E+03  2.090534E+03  2.554509E+03  3.052004E+03  3.316628E+02
2.483298E+01  2.512912E+04  5.590954E+03  1.967092E+03  2.451538E+03  2.929087E+03  3.499734E+02
2.541141E+01  2.413087E+04  5.472112E+03  1.891989E+03  2.488396E+03  2.867467E+03  3.133660E+02
2.600332E+01  2.377092E+04  5.135164E+03  1.815994E+03  2.374128E+03  2.765975E+03  2.798903E+02
2.660901E+01  2.294826E+04  5.148597E+03  1.826143E+03  2.178500E+03  2.545338E+03  2.686924E+02
2.722882E+01  2.293061E+04  4.834862E+03  1.630488E+03  2.037717E+03  2.666642E+03  3.207518E+02
2.786306E+01  2.182784E+04  4.784731E+03  1.645616E+03  2.125011E+03  2.481484E+03  2.873297E+02
2.851207E+01  2.153819E+04  4.585725E+03  1.581129E+03  1.988048E+03  2.492568E+03  2.297367E+02
2.917620E+01  2.076472E+04  4.429983E+03  1.600898E+03  1.797525E+03  2.441700E+03  2.186378E+02
2.985580E+01  2.005115E+04  4.174276E+03  1.479853E+03  1.844081E+03  2.225516E+03  2.452082E+02
3.055124E+01  2.001653E+04  3.870460E+03  1.409733E+03  1.809111E+03  2.111797E+03  2.045935E+02
3.126287E+01  1.912679E+04  3.824810E+03  1.299586E+03  1.692612E+03  2.054141E+03  2.273249E+02
3.199107E+01  1.880918E+04  3.759159E+03  1.354314E+03  1.587171E+03  2.038163E+03  2.167973E+02
3.273624E+01  1.792461E+04  3.576813E+03  1.290792E+03  1.558889E+03  1.945996E+03  2.000923E+02
3.349876E+01  1.763801E+04  3.421270E+03  1.207733E+03  1.517014E+03  1.821184E+03  1.968157E+02
3.427905E+01  1.732519E+04  3.147310E+03  1.150267E+03  1.489976E+03  1.717282E+03  1.835931E+02
3.507751E+01  1.679535E+04  3.106181E+03  1.092350E+03  1.390153E+03  1.637915E+03  1.623269E+02
3.589457E+01  1.640827E+04  2.959141E+03  1.043631E+03  1.341811E+03  1.657882E+03  1.872572E+02
3.673066E+01  1.599048E+04  2.940737E+03  1.060670E+03  1.276301E+03  1.567694E+03  1.643456E+02
3.758623E+01  1.557181E+04  2.738252E+03  9.374299E+02  1.149291E+03  1.427217E+03  1.628827E+02
3.846173E+01  1.539434E+04  2.624719E+03  8.927160E+02  1.156524E+03  1.375807E+03  1.480439E+02
3.935762E+01  1.480896E+04  2.613923E+03  9.267840E+02  1.108442E+03  1.327085E+03  1.316207E+02
4.027437E+01  1.420824E+04  2.431113E+03  9.152550E+02  1.118291E+03  1.270302E+03  1.530740E+02
4.121248E+01  1.380795E+04  2.336299E+03  7.656080E+02  1.042972E+03  1.202950E+03  1.080369E+02
4.217245E+01  1.339213E+04  2.239466E+03  8.141667E+02  1.020246E+03  1.147143E+03  1.441542E+02
4.315477E+01  1.321526E+04  2.070434E+03  7.450388E+02  9.156735E+02  1.171626E+03  1.180554E+02
4.415997E+01  1.277581E+04  1.979679E+03  6.379180E+02  9.471822E+02  1.079031E+03  1.056733E+02
4.518859E+01  1.241963E+04  1.949774E+03  6.688730E+02  8.545658E+02  1.030784E+03  1.070576E+02
4.624117E+01  1.219895E+04  1.866506E+03  6.342048E+02  7.823402E+02  9.869523E+02  1.120274E+02
4.731826E+01  1.172855E+04  1.742590E+03  6.432926E+02  7.989133E+02  9.744390E+02  1.049535E+02
4.842045E+01  1.126883E+04  1.717071E+03  5.879773E+02  6.905418E+02  8.638404E+02  9.902776E+01
4.954830E+01  1.119204E+04  1.615774E+03  5.849619E+02  6.921042E+02  8.623220E+02  9.850172E+01
5.070243E+01  1.076249E+04  1.528331E+03  5.294275E+02  7.084365E+02  8.182061E+02  8.274943E+01
5.188344E+01  1.044819E+04  1.486116E+03  5.413059E+02  6.502272E+02  7.409950E+02  8.086583E+01
5.309196E+01  1.014344E+04  1.425677E+03  4.878590E+02  5.951073E+02  7.015493E+02  8.547612E+01
5.432863E+01  9.929091E+03  1.337275E+03  4.759660E+02  5.571323E+02  7.123729E+02  6.382987E+01
5.559411E+01  9.626069E+03  1.260630E+03  4.389487E+02  5.398299E+02  6.692043E+02  7.469829E+01
5.688906E+01  9.412973E+03  1.240213E+03  4.304622E+02  4.853988E+02  5.915092E+02  6.697750E+01
5.821418E+01  9.172232E+03  1.143587E+03  3.824215E+02  5.199461E+02  6.052556E+02  6.104035E+01
5.957016E+01  8.827615E+03  1.122587E+03  3.715605E+02  4.829567E+02  5.850101E+02  6.180696E+01
6.095773E+01  8.665302E+03  1.033122E+03  3.343073E+02  4.382516E+02  5.162098E+02  5.618611E+01
6.237762E+01  8.253232E+03  9.821517E+02  3.246385E+02  4.220987E+02  4.763196E+02  5.490715E+01
6.383058E+01  8.047256E+03  9.215644E+02  3.232853E+02  3.923691E+02  4.956594E+02  5.634018E+01
6.531738E+01  7.806398E+03  8.448738E+02  3.100274E+02  3.690178E+02  4.332518E+02  3.277245E+01
6.683882E+01  7.533264E+03  8.647144E+02  2.792707E+02  3.612585E+02  3.926444E+02  5.188287E+01
6.839570E+01  7.343634E+03  7.793065E+02  2.666543E+02  3.411422E+02  3.849586E+02  3.880884E+01
6.998884E+01  7.221738E+03  7.291472E+02  2.771004E+02  3.107439E+02  3.945469E+02  3.853714E+01
7.161909E+01  6.914483E+03  6.778787E+02  2.588373E+02  2.994861E+02  3.825771E+02  3.646438E+01
7.328731E+01  6.837705E+03  6.338240E+02  2.377570E+02  2.751439E+02  3.061049E+02  3.212933E+01
7.499439E+01  6.534204E+03  6.125459E+02  2.232111E+02  2.477586E+02  3.174050E+02  2.568925E+01
7.674123E+01  6.310154E+03  5.656879E+02  1.807524E+02  2.437925E+02  3.040433E+02  2.677813E+01
7.852877E+01  6.240116E+03  5.206457E+02  1.750024E+02  2.355172E+02  2.671376E+02  3.271073E+01
8.035794E+01  5.875377E+03  4.858853E+02  1.630273E+02  1.912641E+02  2.504014E+02  2.557291E+01
8.222971E+01  5.887937E+03  4.623298E+02  1.655641E+02  2.108599E+02  2.269998E+02  2.238759E+01
8.414509E+01  5.595677E+03  4.253488E+02  1.485668E+02  1.907964E+02  2.269205E+02  2.950985E+01
8.610508E+01  5.448913E+03  4.290913E+02  1.392185E+02  1.780008E+02  2.013696E+02  2.088278E+01
8.811073E+01  5.245194E+03  3.721926E+02  1.360495E+02  1.686042E+02  2.118485E+02  2.575223E+01
9.016309E+01  5.112979E+03  3.599218E+02  1.277295E+02  1.410248E+02  1.761623E+02  2.231705E+01
9.226326E+01  4.940447E+03  3.359522E+02  1.067252E+02  1.475591E+02  1.531274E+02  1.299263E+01
9.441234E+01  4.686509E+03  3.128874E+02  1.110977E+02  1.301430E+02  1.369449E+02  1.405726E+01
9.661149E+01  4.634337E+03  2.725298E+02  1.028080E+02  1.240786E+02  1.347139E+02  1.329414E+01
9.886186E+01  4.339170E+03  2.585314E+02  9.613730E+01  1.156246E+02  1.320805E+02  1.558983E+01
1.011646E+02  4.336887E+03  2.564552E+02  9.183298E+01  9.818088E+01  1.193406E+02  1.438858E+01
1.035211E+02  4.203841E+03  2.216684E+02  7.237307E+01  9.594601E+01  1.133155E+02  7.444087E+00
1.059324E+02  4.038233E+03  1.871199E+02  6.506761E+01  9.052884E+01  1.050781E+02  1.172025E+01
1.083999E+02  3.880750E+03  1.860201E+02  6.279659E+01  7.582985E+01  8.570352E+01  7.503995E+00
1.109248E+02  3.748029E+03  1.740666E+02  6.059525E+01  6.870035E+01  8.722629E+01  8.105097E+00
1.135086E+02  3.599725E+03  1.572805E+02  5.846159E+01  6.487351E+01  8.448643E+01  1.093798E+01
1.161526E+02  3.563490E+03  1.345339E+02  5.344498E+01  7.998318E+01  6.818843E+01  3.685861E+00
1.188581E+02  3.388724E+03  1.390357E+02  4.142255E+01  5.727117E+01  7.564117E+01  5.763137E+00
1.216267E+02  3.221476E+03  1.182710E+02  4.892758E+01  5.596752E+01  5.702351E+01  3.871967E+00
1.244597E+02  3.083134E+03  1.117950E+02  3.577439E+01  4.574995E+01  5.744542E+01  4.471799E+00
1.273587E+02  2.992784E+03  1.038717E+02  3.428776E+01  4.638932E+01  4.538086E+01  5.042318E+00
1.303253E+02  2.912176E+03  9.296626E+01  3.087925E+01  3.777781E+01  4.336236E+01  2.956524E+00
1.333610E+02  2.840109E+03  8.763984E+01  3.210251E+01  3.659686E+01  4.301736E+01  2.889226E+00
1.364674E+02  2.742520E+03  7.215506E+01  2.948946E+01  3.231292E+01  3.921471E+01  2.823459E+00
1.396461E+02  2.683465E+03  7.143234E+01  2.299324E+01  3.219054E+01  3.219054E+01  2.452612E+00
1.428989E+02  2.546284E+03  6.681036E+01  2.157106E+01  2.636463E+01  3.025940E+01  1.198392E+00
1.462274E+02  2.395220E+03  5.328566E+01  2.195838E+01  2.195838E+01  2.459338E+01  2.927783E+00
1.496335E+02  2.302358E+03  4.606434E+01  1.401958E+01  1.916963E+01  1.974186E+01  2.575025E+00
1.531189E+02  2.245756E+03  4.445658E+01  1.761487E+01  1.789447E+01  2.152929E+01  2.236809E+00
1.566855E+02  2.154744E+03  3.661371E+01  1.502802E+01  1.502802E+01  2.158570E+01  2.459130E+00
1.603352E+02  2.105696E+03  3.658133E+01  1.281682E+01  1.228278E+01  1.655506E+01  8.010511E-01
1.640699E+02  2.018102E+03  2.818141E+01  8.610986E+00  1.095944E+01  1.017662E+01  1.304695E+00
1.678915E+02  1.928305E+03  3.034491E+01  7.904978E+00  1.121997E+01  1.249496E+01  2.549993E-01
1.718022E+02  1.862731E+03  2.292592E+01  6.728259E+00  1.096457E+01  1.270893E+01  9.967791E-01
1.758040E+02  1.801335E+03  2.167350E+01  5.113971E+00  8.523285E+00  7.549195E+00  9.740897E-01
1.798990E+02  1.723207E+03  1.927631E+01  7.853313E+00  4.759583E+00  8.805229E+00  2.141813E+00
1.840894E+02  1.615841E+03  1.488397E+01  3.953556E+00  5.814053E+00  7.441987E+00  6.976863E-01
1.883774E+02  1.587015E+03  1.568152E+01  4.545367E+00  5.454440E+00  4.772635E+00  2.272683E-01
1.927653E+02  1.498476E+03  1.510247E+01  3.775616E+00  5.108187E+00  4.219807E+00  6.662853E-01
1.972553E+02  1.433546E+03  9.332702E+00  4.123752E+00  5.208950E+00  3.906712E+00  4.340792E-01
2.018500E+02  1.408975E+03  8.908165E+00  5.090380E+00  3.181487E+00  3.393587E+00  4.241983E-01
2.065517E+02  1.307052E+03  6.218136E+00  2.279983E+00  3.109068E+00  2.901797E+00  0.000000E+00
2.113629E+02  1.270211E+03  7.697019E+00  3.848509E+00  3.240850E+00  1.822978E+00  0.000000E+00
2.162862E+02  1.213387E+03  6.334158E+00  1.979425E+00  1.583540E+00  2.375309E+00  1.979425E-01
2.213241E+02  1.171066E+03  5.222792E+00  1.740931E+00  1.547494E+00  1.547494E+00  0.000000E+00
2.264794E+02  1.087132E+03  4.536806E+00  1.512269E+00  1.512269E+00  2.268403E+00  3.780671E-01
2.317548E+02  1.033014E+03  4.248805E+00  2.216768E+00  1.108384E+00  1.108384E+00  1.847306E-01
2.371531E+02  1.015276E+03  2.888411E+00  1.263680E+00  1.444205E+00  1.624731E+00  1.805257E-01
2.426771E+02  9.646449E+02  1.940580E+00  1.411331E+00  8.820820E-01  1.587748E+00  1.764164E-01
2.483298E+02  9.030347E+02  1.206805E+00  1.034404E+00  3.448013E-01  1.206805E+00  0.000000E+00
2.541141E+02  8.733814E+02  1.853240E+00  6.739054E-01  6.739054E-01  1.179334E+00  0.000000E+00
2.600332E+02  8.493848E+02  2.304979E+00  6.585654E-01  8.232068E-01  3.292827E-01  0.000000E+00
2.660901E+02  7.969063E+02  1.126256E+00  3.217873E-01  0.000000E+00  8.044683E-01  0.000000E+00
2.722882E+02  7.602132E+02  1.100619E+00  1.572313E-01  3.144626E-01  3.144626E-01  1.572313E-01
2.786306E+02  7.132538E+02  0.000000E+00  4.609568E-01  6.146090E-01  0.000000E+00  0.000000E+00
2.851207E+02  6.953664E+02  6.006188E-01  1.501547E-01  0.000000E+00  3.003094E-01  0.000000E+00
2.917620E+02  6.611959E+02  5.869471E-01  0.000000E+00  5.869471E-01  0.000000E+00  0.000000E+00
2.985580E+02  6.141678E+02  2.867933E-01  0.000000E+00  1.433966E-01  0.000000E+00  0.000000E+00
3.055124E+02  5.832316E+02  5.605301E-01  2.802650E-01  1.401325E-01  0.000000E+00  0.000000E+00
3.126287E+02  5.527008E+02  2.738854E-01  0.000000E+00  0.000000E+00  2.738854E-01  1.369427E-01
3.199107E+02  5.244622E+02  5.353021E-01  0.000000E+00  0.000000E+00  0.000000E+00  0.000000E+00
3.273624E+02  4.913378E+02  3.923378E-01  1.307793E-01  0.000000E+00  0.000000E+00  0.000000E+00
3.349876E+02  4.662231E+02  2.556048E-01  1.278024E-01  1.278024E-01  1.278024E-01  0.000000E+00
3.427905E+02  4.493659E+02  0.000000E+00  1.248932E-01  0.000000E+00  0.000000E+00  0.000000E+00
3.507751E+02  4.132624E+02  2.441007E-01  2.441007E-01  1.220503E-01  0.000000E+00  0.000000E+00
3.589457E+02  3.851297E+02  3.578164E-01  0.000000E+00  0.000000E+00  0.000000E+00  0.000000E+00
3.673066E+02  3.610941E+02  0.000000E+00  0.000000E+00  1.165572E-01  0.000000E+00  0.000000E+00
3.758623E+02  3.495714E+02  1.139040E-01  0.000000E+00  0.000000E+00  0.000000E+00  0.000000E+00
3.846173E+02  3.343789E+02  0.000000E+00  0.000000E+00  1.113112E-01  0.000000E+00  0.000000E+00
3.935762E+02  3.018575E+02  0.000000E+00  0.000000E+00  0.000000E+00  0.000000E+00  0.000000E+00
4.027437E+02  2.798916E+02  0.000000E+00  0.000000E+00  0.000000E+00  0.000000E+00  0.000000E+00
4.121248E+02  2.587693E+02  0.000000E+00  0.000000E+00  0.000000E+00  0.000000E+00  0.000000E+00
4.217245E+02  2.526759E+02  0.000000E+00  0.000000E+00  0.000000E+00  0.000000E+00  0.000000E+00
4.315477E+02  2.370037E+02  0.000000E+00  0.000000E+00  0.000000E+00  0.000000E+00  0.000000E+00
4.415997E+02  2.165819E+02  0.000000E+00  0.000000E+00  0.000000E+00  9.694802E-02  0.000000E+00
4.518859E+02  2.124098E+02  0.000000E+00  0.000000E+00  0.000000E+00  0.000000E+00  0.000000E+00
4.624117E+02  1.911873E+02  0.000000E+00  0.000000E+00  0.000000E+00  0.000000E+00  0.000000E+00
4.731826E+02  1.859306E+02  0.000000E+00  0.000000E+00  0.000000E+00  0.000000E+00  0.000000E+00
4.842045E+02  1.618927E+02  0.000000E+00  0.000000E+00  0.000000E+00  0.000000E+00  0.000000E+00
4.954830E+02  1.564795E+02  0.000000E+00  0.000000E+00  0.000000E+00  0.000000E+00  0.000000E+00
5.070243E+02  1.430383E+02  0.000000E+00  0.000000E+00  0.000000E+00  0.000000E+00  0.000000E+00
5.188344E+02  1.321084E+02  0.000000E+00  0.000000E+00  0.000000E+00  0.000000E+00  0.000000E+00
5.309196E+02  1.222470E+02  0.000000E+00  0.000000E+00  0.000000E+00  0.000000E+00  0.000000E+00
5.432863E+02  1.105596E+02  0.000000E+00  0.000000E+00  0.000000E+00  0.000000E+00  0.000000E+00
5.559411E+02  1.055017E+02  0.000000E+00  0.000000E+00  0.000000E+00  0.000000E+00  0.000000E+00
5.688906E+02  9.256441E+01  0.000000E+00  0.000000E+00  0.000000E+00  0.000000E+00  0.000000E+00
5.821418E+02  8.913362E+01  0.000000E+00  0.000000E+00  0.000000E+00  0.000000E+00  0.000000E+00
5.957016E+02  7.574946E+01  0.000000E+00  0.000000E+00  0.000000E+00  0.000000E+00  0.000000E+00
6.095773E+02  7.283124E+01  0.000000E+00  0.000000E+00  0.000000E+00  0.000000E+00  0.000000E+00
6.237762E+02  6.966345E+01  0.000000E+00  0.000000E+00  0.000000E+00  0.000000E+00  0.000000E+00
6.383058E+02  6.023034E+01  0.000000E+00  0.000000E+00  0.000000E+00  0.000000E+00  0.000000E+00
6.531738E+02  5.453336E+01  0.000000E+00  0.000000E+00  0.000000E+00  0.000000E+00  0.000000E+00
6.683882E+02  4.637432E+01  0.000000E+00  0.000000E+00  0.000000E+00  0.000000E+00  0.000000E+00
6.839570E+02  4.563168E+01  0.000000E+00  0.000000E+00  0.000000E+00  0.000000E+00  0.000000E+00
6.998884E+02  4.263554E+01  0.000000E+00  0.000000E+00  0.000000E+00  0.000000E+00  0.000000E+00
7.161909E+02  3.586660E+01  0.000000E+00  0.000000E+00  0.000000E+00  0.000000E+00  0.000000E+00
7.328731E+02  3.411550E+01  0.000000E+00  0.000000E+00  0.000000E+00  0.000000E+00  0.000000E+00
7.499439E+02  3.042749E+01  0.000000E+00  0.000000E+00  0.000000E+00  0.000000E+00  0.000000E+00
7.674123E+02  2.856333E+01  0.000000E+00  0.000000E+00  0.000000E+00  0.000000E+00  0.000000E+00
7.852877E+02  2.186167E+01  0.000000E+00  0.000000E+00  0.000000E+00  0.000000E+00  0.000000E+00
8.035794E+02  1.965918E+01  0.000000E+00  0.000000E+00  0.000000E+00  0.000000E+00  0.000000E+00
8.222971E+02  1.796214E+01  0.000000E+00  0.000000E+00  0.000000E+00  0.000000E+00  0.000000E+00
8.414509E+02  1.673921E+01  0.000000E+00  0.000000E+00  0.000000E+00  0.000000E+00  0.000000E+00
8.610508E+02  1.426990E+01  0.000000E+00  0.000000E+00  0.000000E+00  0.000000E+00  0.000000E+00
8.811073E+02  1.200151E+01  0.000000E+00  0.000000E+00  0.000000E+00  0.000000E+00  0.000000E+00
9.016309E+02  9.639067E+00  0.000000E+00  0.000000E+00  0.000000E+00  0.000000E+00  0.000000E+00
9.226326E+02  1.048691E+01  0.000000E+00  0.000000E+00  0.000000E+00  0.000000E+00  0.000000E+00
9.441234E+02  8.570393E+00  0.000000E+00  0.000000E+00  0.000000E+00  0.000000E+00  0.000000E+00
9.661149E+02  7.223149E+00  0.000000E+00  0.000000E+00  0.000000E+00  0.000000E+00  0.000000E+00
9.886186E+02  6.582374E+00  0.000000E+00  0.000000E+00  0.000000E+00  0.000000E+00  0.000000E+00
