# Er [keV]  dR/dEr H1 [1/keV/kg/Myr]  O16  Mg24  Mg25  Mg26  Cl35  Cl37
1.011646E-03  1.661197E+08  2.001356E+06  2.510662E+05  7.173320E+03  5.021324E+04  3.292554E+06  8.390034E+03
1.035211E-03  1.603125E+08  1.717459E+06  2.032910E+05  7.010035E+03  5.608028E+04  3.764389E+06  9.370347E+03
1.059324E-03  1.561427E+08  1.726318E+06  3.356729E+05  2.740187E+04  4.110280E+04  3.432084E+06  6.867789E+03
1.083999E-03  1.538738E+08  1.687022E+06  2.276141E+05  1.338906E+04  4.016719E+04  3.574880E+06  6.711459E+03
1.109248E-03  1.499656E+08  1.786006E+06  2.355172E+05  2.616858E+04  5.887931E+04  3.303784E+06  9.838032E+03
1.135086E-03  1.453884E+08  1.783711E+06  3.452343E+05  1.917968E+04  3.835937E+04  3.465130E+06  6.409394E+03
1.161526E-03  1.441095E+08  1.768099E+06  2.873942E+05  6.247701E+03  3.123850E+04  3.361263E+06  5.219582E+03
1.188581E-03  1.409757E+08  1.862173E+06  3.480127E+05  1.221097E+04  1.221097E+04  3.089376E+06  2.040308E+03
1.216267E-03  1.376414E+08  1.712388E+06  2.386603E+05  1.789952E+04  2.983254E+04  3.013086E+06  4.984662E+03
1.244597E-03  1.333363E+08  1.830838E+06  3.323495E+05  1.166139E+04  3.498416E+04  2.927008E+06  5.845437E+03
1.273587E-03  1.307171E+08  1.897424E+06  2.848985E+05  1.709391E+04  3.988579E+04  2.985737E+06  6.664441E+03
1.303253E-03  1.275635E+08  1.904348E+06  3.285279E+05  2.227308E+04  1.113654E+04  2.923341E+06  1.860783E+03
1.333610E-03  1.257644E+08  1.997038E+06  3.047251E+05  2.176608E+04  2.176608E+04  2.557514E+06  3.636853E+03
1.364674E-03  1.222795E+08  1.722920E+06  2.499298E+05  1.063531E+04  2.127062E+04  2.860899E+06  3.554068E+03
1.396461E-03  1.198858E+08  1.772044E+06  2.546339E+05  4.676950E+04  2.078644E+04  2.878923E+06  3.473167E+03
1.428989E-03  1.157553E+08  1.767256E+06  2.183678E+05  1.523497E+04  3.554825E+04  2.635649E+06  5.939689E+03
1.462274E-03  1.140930E+08  1.960276E+06  2.530990E+05  1.488817E+04  1.985090E+04  2.734461E+06  3.316849E+03
1.496335E-03  1.106521E+08  1.896256E+06  2.909856E+05  4.849760E+03  1.939904E+04  2.463678E+06  3.241348E+03
1.531189E-03  1.097211E+08  1.800959E+06  2.985800E+05  2.369683E+04  2.843619E+04  2.364943E+06  4.751349E+03
1.566855E-03  1.065705E+08  1.704386E+06  2.593631E+05  2.778891E+04  2.778891E+04  2.487107E+06  4.643195E+03
1.603352E-03  1.036739E+08  1.624855E+06  2.081987E+05  1.810424E+04  1.810424E+04  2.407863E+06  3.025002E+03
1.640699E-03  1.017032E+08  1.601138E+06  2.167286E+05  1.769213E+04  4.423033E+04  2.379592E+06  7.390362E+03
1.678915E-03  9.840268E+07  1.841322E+06  2.593412E+05  1.728941E+04  3.457882E+04  2.377294E+06  5.777709E+03
1.718022E-03  9.862956E+07  1.812081E+06  1.943023E+05  2.111982E+04  5.068757E+04  2.378092E+06  8.469289E+03
1.758040E-03  9.459301E+07  1.791472E+06  2.146464E+05  2.063907E+04  4.540596E+04  2.171231E+06  7.586796E+03
1.798990E-03  9.321027E+07  1.686151E+06  2.420313E+05  4.033854E+03  2.823698E+04  2.230721E+06  4.718063E+03
1.840894E-03  9.084808E+07  1.710842E+06  2.128698E+05  3.547829E+04  3.942033E+04  1.931596E+06  6.586667E+03
1.883774E-03  8.883406E+07  1.779763E+06  2.388427E+05  1.926150E+04  1.155690E+04  1.852957E+06  1.931021E+03
1.927653E-03  8.637902E+07  1.607489E+06  2.559936E+05  3.764612E+03  1.129384E+04  1.935011E+06  1.887065E+03
1.972553E-03  8.449373E+07  1.743808E+06  2.280930E+05  7.357838E+03  1.471568E+04  2.141131E+06  2.458814E+03
2.018500E-03  8.252368E+07  1.797588E+06  2.516624E+05  1.078553E+04  2.516624E+04  1.707709E+06  4.204978E+03
2.065517E-03  8.068386E+07  1.735590E+06  1.616137E+05  7.026680E+03  1.756670E+04  1.935850E+06  2.935187E+03
2.113629E-03  7.923181E+07  1.788784E+06  2.025686E+05  1.373347E+04  2.403357E+04  1.950152E+06  4.015723E+03
2.162862E-03  7.775037E+07  1.701093E+06  2.549963E+05  1.006564E+04  2.348650E+04  1.630634E+06  3.924314E+03
2.213241E-03  7.432474E+07  1.688603E+06  2.065669E+05  3.278840E+03  1.311536E+04  1.832871E+06  2.191420E+03
2.264794E-03  7.409723E+07  1.775129E+06  1.890481E+05  1.281682E+04  1.281682E+04  1.864847E+06  2.141538E+03
2.317548E-03  7.237612E+07  1.662703E+06  1.847448E+05  1.565634E+04  1.878761E+04  1.503009E+06  3.139185E+03
2.371531E-03  7.013806E+07  1.667695E+06  1.529996E+05  1.529996E+04  1.835995E+04  1.600376E+06  3.067729E+03
2.426771E-03  6.888242E+07  1.531053E+06  1.614782E+05  1.196135E+04  1.495169E+04  1.593850E+06  2.498249E+03
2.483298E-03  6.690827E+07  1.601403E+06  1.724139E+05  5.844538E+03  2.922269E+04  1.580948E+06  4.882764E+03
2.541141E-03  6.563656E+07  1.602076E+06  1.884795E+05  8.567250E+03  5.711500E+03  1.416452E+06  9.543237E+02
2.600332E-03  6.381318E+07  1.465141E+06  1.116298E+05  8.372236E+03  5.581491E+03  1.476304E+06  9.326006E+02
2.660901E-03  6.322787E+07  1.363610E+06  1.472699E+05  1.090888E+04  1.909054E+04  1.527243E+06  3.189802E+03
2.722882E-03  6.111169E+07  1.455167E+06  1.332571E+05  2.665141E+03  1.332571E+04  1.396534E+06  2.226567E+03
2.786306E-03  6.063999E+07  1.406417E+06  1.562685E+05  1.823133E+04  1.562685E+04  1.406417E+06  2.611061E+03
2.851207E-03  5.792598E+07  1.343860E+06  1.756181E+05  1.781633E+04  7.635570E+03  1.376948E+06  1.275813E+03
2.917620E-03  5.756253E+07  1.275962E+06  1.566970E+05  4.974509E+03  7.461763E+03  1.266012E+06  1.246772E+03
2.985580E-03  5.603349E+07  1.178859E+06  1.020868E+05  2.430638E+03  2.187574E+04  1.220180E+06  3.655175E+03
3.055124E-03  5.465112E+07  1.239912E+06  1.163902E+05  4.750619E+03  1.425186E+04  1.225660E+06  2.381316E+03
3.126287E-03  5.364156E+07  1.279004E+06  1.508807E+05  2.321241E+03  1.392745E+04  1.211688E+06  2.327110E+03
3.199107E-03  5.199633E+07  1.152349E+06  1.315674E+05  6.805209E+03  9.073612E+03  1.220401E+06  1.516092E+03
3.273624E-03  5.175266E+07  1.174887E+06  1.152719E+05  0.000000E+00  8.867071E+03  1.161586E+06  1.481582E+03
3.349876E-03  5.052913E+07  1.171973E+06  1.213132E+05  1.299785E+04  1.083154E+04  1.195802E+06  1.809821E+03
3.427905E-03  4.911009E+07  1.238443E+06  1.185518E+05  2.116997E+03  4.233994E+03  1.098721E+06  7.074499E+02
3.507751E-03  4.817220E+07  1.067505E+06  1.344725E+05  8.275232E+03  1.241285E+04  1.110950E+06  2.074039E+03
3.589457E-03  4.664302E+07  1.083640E+06  1.435419E+05  1.415201E+04  1.415201E+04  1.065444E+06  2.364633E+03
3.673066E-03  4.526123E+07  9.977267E+05  1.165661E+05  3.951393E+03  7.902786E+03  1.078730E+06  1.320461E+03
3.758623E-03  4.418848E+07  9.923922E+05  9.653620E+04  9.653620E+03  1.158434E+04  1.003977E+06  1.935606E+03
3.846173E-03  4.393545E+07  1.109424E+06  1.283007E+05  7.547102E+03  1.320743E+04  1.047160E+06  2.206804E+03
3.935762E-03  4.210379E+07  9.882914E+05  1.087858E+05  3.687654E+03  9.219136E+03  9.735407E+05  1.540408E+03
4.027437E-03  4.170397E+07  9.639932E+05  1.189225E+05  3.603713E+03  9.009283E+03  9.549840E+05  1.505344E+03
4.121248E-03  4.022290E+07  9.702235E+05  1.091722E+05  3.521683E+03  7.043365E+03  8.839423E+05  1.176862E+03
4.217245E-03  3.991302E+07  9.102818E+05  1.342193E+05  5.162279E+03  8.603798E+03  9.120026E+05  1.437592E+03
4.315477E-03  3.877243E+07  8.929245E+05  1.025770E+05  8.407952E+03  1.177113E+04  9.181483E+05  1.966816E+03
4.415997E-03  3.805255E+07  8.956054E+05  8.052232E+04  9.859876E+03  1.314650E+04  8.660258E+05  2.196624E+03
4.518859E-03  3.729075E+07  9.298198E+05  1.108075E+05  4.817719E+03  8.029532E+03  8.993075E+05  1.341639E+03
4.624117E-03  3.611392E+07  8.552965E+05  1.082852E+05  4.708054E+03  1.569351E+03  8.286176E+05  2.622199E+02
4.731826E-03  3.549737E+07  7.821506E+05  9.201772E+04  4.600886E+03  6.134515E+03  8.189577E+05  1.025004E+03
4.842045E-03  3.450800E+07  7.853287E+05  9.591802E+04  7.493595E+03  1.198975E+04  8.797480E+05  2.003345E+03
4.954830E-03  3.392755E+07  7.484126E+05  7.908861E+04  2.929208E+03  5.858416E+03  7.528064E+05  9.788715E+02
5.070243E-03  3.273018E+07  8.072338E+05  1.016199E+05  4.293797E+03  2.862531E+03  7.499831E+05  4.782948E+02
5.188344E-03  3.238378E+07  7.301141E+05  9.790802E+04  4.196058E+03  6.993430E+03  7.580878E+05  1.168519E+03
5.309196E-03  3.122427E+07  7.203289E+05  6.697555E+04  1.366848E+03  1.093478E+04  6.943588E+05  1.827072E+03
5.432863E-03  3.053222E+07  7.613688E+05  7.212967E+04  1.335735E+03  4.007204E+03  7.226325E+05  6.695561E+02
5.559411E-03  3.016747E+07  6.879087E+05  7.962511E+04  2.610659E+03  7.831978E+03  7.453432E+05  1.308630E+03
5.688906E-03  2.948461E+07  7.079673E+05  8.036385E+04  3.826850E+03  6.378084E+03  7.615432E+05  1.065702E+03
5.821418E-03  2.891567E+07  6.656738E+05  7.728797E+04  3.739740E+03  4.986321E+03  7.105507E+05  8.331548E+02
5.957016E-03  2.757893E+07  6.846309E+05  7.918329E+04  4.872818E+03  7.309227E+03  7.053404E+05  1.221285E+03
6.095773E-03  2.729997E+07  6.452373E+05  7.738086E+04  7.142849E+03  1.071427E+04  6.988087E+05  1.790227E+03
6.237762E-03  2.662387E+07  6.072824E+05  7.096595E+04  2.326753E+03  1.047039E+04  6.573076E+05  1.749477E+03
6.383058E-03  2.609742E+07  6.241551E+05  7.048747E+04  2.273789E+03  6.821368E+03  6.468930E+05  1.139769E+03
6.531738E-03  2.562224E+07  5.988375E+05  7.666009E+04  4.444063E+03  6.666094E+03  6.177247E+05  1.113825E+03
6.683882E-03  2.506724E+07  5.808634E+05  6.405783E+04  1.085726E+03  7.600082E+03  6.199495E+05  1.269883E+03
6.839570E-03  2.470566E+07  6.206919E+05  7.108779E+04  3.183035E+03  6.366071E+03  5.740074E+05  1.063695E+03
6.998884E-03  2.371921E+07  5.650888E+05  6.843277E+04  3.110581E+03  8.294882E+03  5.381305E+05  1.385976E+03
7.161909E-03  2.352786E+07  5.380402E+05  5.674247E+04  1.013258E+03  5.066292E+03  5.633717E+05  8.465170E+02
7.328731E-03  2.281902E+07  5.733222E+05  6.436260E+04  3.960775E+03  5.941163E+03  5.753026E+05  9.926976E+02
7.499439E-03  2.234410E+07  5.235010E+05  6.192987E+04  1.935309E+03  2.902963E+03  5.728513E+05  4.850505E+02
7.674123E-03  2.184116E+07  5.191496E+05  6.430269E+04  1.891256E+03  4.728139E+03  5.380622E+05  7.900157E+02
7.852877E-03  2.129317E+07  5.341313E+05  6.838360E+04  6.468718E+03  4.620513E+03  5.526134E+05  7.720327E+02
8.035794E-03  2.067934E+07  5.174577E+05  6.050552E+04  3.612270E+03  1.083681E+04  4.768196E+05  1.810702E+03
8.222971E-03  2.027922E+07  4.721435E+05  6.883587E+04  7.060089E+03  6.177578E+03  4.933237E+05  1.032200E+03
8.414509E-03  1.977794E+07  5.157288E+05  4.484598E+04  1.724846E+03  3.449691E+03  5.027925E+05  5.764023E+02
8.610508E-03  1.934712E+07  4.787056E+05  6.236658E+04  2.528375E+03  4.213958E+03  5.073606E+05  7.041022E+02
8.811073E-03  1.897344E+07  4.455716E+05  3.459151E+04  8.236073E+02  6.588859E+03  4.941644E+05  1.100920E+03
9.016309E-03  1.855926E+07  4.603798E+05  4.829159E+04  1.609720E+03  4.829159E+03  4.805013E+05  8.068949E+02
9.226326E-03  1.819186E+07  4.341695E+05  4.719233E+04  2.359617E+03  7.865389E+02  4.333829E+05  1.314213E+02
9.441234E-03  1.742573E+07  4.473456E+05  3.381994E+04  1.537270E+03  3.074540E+03  4.573379E+05  5.137191E+02
9.661149E-03  1.699376E+07  4.251446E+05  3.905922E+04  3.004555E+03  2.253416E+03  4.078684E+05  3.765191E+02
9.886186E-03  1.676769E+07  4.169352E+05  3.963820E+04  1.468082E+03  4.404245E+03  4.308820E+05  7.358969E+02
1.011646E-02  1.651800E+07  4.124659E+05  5.738656E+04  1.434664E+03  3.586660E+03  4.153352E+05  5.992882E+02
1.035211E-02  1.585530E+07  3.687279E+05  4.556523E+04  2.804014E+03  5.608028E+03  3.960670E+05  9.370347E+02
1.059324E-02  1.569305E+07  3.795159E+05  4.178785E+04  2.740187E+03  5.480374E+03  4.165084E+05  9.157052E+02
1.083999E-02  1.538002E+07  3.621742E+05  4.083664E+04  2.677813E+03  4.016719E+03  4.157304E+05  6.711459E+02
1.109248E-02  1.493637E+07  3.735565E+05  3.925287E+04  1.308429E+03  4.579502E+03  3.768276E+05  7.651802E+02
1.135086E-02  1.466670E+07  3.503489E+05  3.132682E+04  5.753905E+03  3.196614E+03  3.676106E+05  5.341161E+02
1.161526E-02  1.441782E+07  3.355015E+05  4.185959E+04  1.249540E+03  4.998160E+03  3.679896E+05  8.351331E+02
1.188581E-02  1.397424E+07  3.443494E+05  3.419072E+04  1.831646E+03  3.052743E+03  3.950249E+05  5.100770E+02
1.216267E-02  1.370507E+07  3.496374E+05  3.937895E+04  1.789952E+03  1.789952E+03  3.860331E+05  2.990797E+02
1.244597E-02  1.324792E+07  3.148574E+05  4.023178E+04  2.915347E+03  2.332277E+03  3.445940E+05  3.896958E+02
1.273587E-02  1.308995E+07  3.093998E+05  3.646701E+04  1.709391E+03  4.558377E+03  3.435876E+05  7.616504E+02
1.303253E-02  1.272015E+07  3.240733E+05  4.064836E+04  1.113654E+03  4.454615E+03  3.485736E+05  7.443131E+02
1.333610E-02  1.265752E+07  3.188731E+05  2.992836E+04  1.088304E+03  4.897368E+03  3.150640E+05  8.182918E+02
1.364674E-02  1.224443E+07  3.126782E+05  2.924711E+04  2.127062E+03  3.722359E+03  3.429888E+05  6.219618E+02
1.396461E-02  1.189764E+07  2.821760E+05  3.325831E+04  2.598306E+03  2.078644E+03  3.180326E+05  3.473167E+02
1.428989E-02  1.173143E+07  2.772764E+05  2.945427E+04  2.031329E+03  3.046993E+03  3.351692E+05  5.091162E+02
1.462274E-02  1.139888E+07  2.908157E+05  3.027262E+04  4.962725E+02  3.970180E+03  3.240659E+05  6.633698E+02
1.496335E-02  1.119179E+07  2.822560E+05  2.958353E+04  2.909856E+03  3.394832E+03  3.074748E+05  5.672359E+02
1.531189E-02  1.079675E+07  2.772529E+05  2.322289E+04  1.421810E+03  3.791492E+03  2.815183E+05  6.335132E+02
1.566855E-02  1.073300E+07  2.639946E+05  2.639946E+04  1.389445E+03  3.242039E+03  2.973413E+05  5.417061E+02
1.603352E-02  1.037509E+07  2.584380E+05  3.168241E+04  9.052118E+02  2.263029E+03  2.978147E+05  3.781253E+02
1.640699E-02  1.016900E+07  2.649397E+05  3.184584E+04  2.211517E+03  2.653820E+03  2.910356E+05  4.434217E+02
1.678915E-02  9.969939E+06  2.420518E+05  2.550188E+04  2.161176E+03  4.322353E+03  2.787918E+05  7.222137E+02
1.718022E-02  9.635707E+06  2.500587E+05  2.407659E+04  2.956775E+03  2.534378E+03  2.513259E+05  4.234644E+02
1.758040E-02  9.583548E+06  2.398260E+05  2.229020E+04  1.651126E+03  3.302252E+03  2.687207E+05  5.517670E+02
1.798990E-02  9.170564E+06  2.234755E+05  2.622005E+04  3.630469E+03  4.437240E+03  2.513091E+05  7.414099E+02
1.840894E-02  9.085597E+06  2.310031E+05  2.562321E+04  2.365220E+03  1.971016E+03  2.341567E+05  3.293333E+02
1.883774E-02  8.742412E+06  2.218925E+05  2.503996E+04  1.926150E+03  7.704602E+02  2.484734E+05  1.287347E+02
1.927653E-02  8.639784E+06  2.191004E+05  3.199920E+04  3.011690E+03  1.129384E+03  2.458292E+05  1.887065E+02
1.972553E-02  8.405594E+06  2.177920E+05  2.428086E+04  0.000000E+00  1.471568E+03  2.343471E+05  2.458814E+02
2.018500E-02  8.179026E+06  2.067226E+05  2.480672E+04  7.190353E+02  2.876141E+03  2.487862E+05  4.805689E+02
2.065517E-02  8.077872E+06  2.090437E+05  2.353938E+04  1.405336E+03  2.459338E+03  2.213404E+05  4.109261E+02
2.113629E-02  7.810223E+06  1.908952E+05  2.128687E+04  6.866734E+02  2.746693E+03  2.248855E+05  4.589398E+02
2.162862E-02  7.670690E+06  2.029904E+05  1.778263E+04  1.006564E+03  1.342086E+03  2.345295E+05  2.242465E+02
2.213241E-02  7.586252E+06  1.859102E+05  2.426342E+04  1.639420E+03  1.967304E+03  2.265678E+05  3.287131E+02
2.264794E-02  7.369990E+06  1.900093E+05  2.435195E+04  0.000000E+00  2.242943E+03  2.242943E+05  3.747691E+02
2.317548E-02  7.206926E+06  1.897548E+05  2.129262E+04  1.252507E+03  3.131268E+03  2.132393E+05  5.231976E+02
2.371531E-02  7.052056E+06  1.707475E+05  1.744195E+04  1.529996E+03  1.529996E+03  2.071614E+05  2.556441E+02
2.426771E-02  6.923229E+06  1.791212E+05  2.242753E+04  1.495169E+03  2.691304E+03  2.111178E+05  4.496848E+02
2.483298E-02  6.660436E+06  1.721217E+05  1.957920E+04  1.461135E+03  1.461135E+03  2.156635E+05  2.441382E+02
2.541141E-02  6.635050E+06  1.644912E+05  1.827680E+04  5.711500E+02  2.570175E+03  1.933343E+05  4.294457E+02
2.600332E-02  6.393039E+06  1.671656E+05  2.148874E+04  5.581491E+02  1.395373E+03  1.897707E+05  2.331502E+02
2.660901E-02  6.312424E+06  1.510880E+05  2.045415E+04  1.363610E+03  5.454440E+02  1.808147E+05  9.113720E+01
2.722882E-02  6.080253E+06  1.633732E+05  2.052159E+04  1.066056E+03  1.066056E+03  1.969539E+05  1.781253E+02
2.786306E-02  6.056707E+06  1.494969E+05  1.718954E+04  5.208950E+02  2.083580E+03  1.786670E+05  3.481414E+02
2.851207E-02  5.739403E+06  1.516933E+05  1.501662E+04  7.635570E+02  1.527114E+03  1.898712E+05  2.551626E+02
2.917620E-02  5.702777E+06  1.514738E+05  1.716206E+04  0.000000E+00  9.949018E+02  1.748540E+05  1.662362E+02
2.985580E-02  5.529457E+06  1.526440E+05  1.458383E+04  9.722550E+02  4.861275E+02  1.699016E+05  8.122612E+01
3.055124E-02  5.465825E+06  1.434687E+05  2.019013E+04  7.125929E+02  1.425186E+03  1.669843E+05  2.381316E+02
3.126287E-02  5.271538E+06  1.483273E+05  2.158754E+04  2.321241E+02  6.963723E+02  1.583086E+05  1.163555E+02
3.199107E-02  5.177857E+06  1.567466E+05  1.497146E+04  1.814722E+03  1.361042E+03  1.728523E+05  2.274139E+02
3.273624E-02  5.046250E+06  1.254691E+05  1.551737E+04  6.650303E+02  1.995091E+03  1.549521E+05  3.333560E+02
3.349876E-02  5.007854E+06  1.193636E+05  1.689720E+04  1.083154E+03  8.665232E+02  1.616066E+05  1.447857E+02
3.427905E-02  4.810875E+06  1.297719E+05  1.566578E+04  6.350991E+02  1.693597E+03  1.575046E+05  2.829800E+02
3.507751E-02  4.714607E+06  1.206115E+05  1.199909E+04  2.068808E+02  1.241285E+03  1.489542E+05  2.074039E+02
3.589457E-02  4.675219E+06  1.243356E+05  1.354550E+04  6.065149E+02  1.010858E+03  1.475853E+05  1.689024E+02
3.673066E-02  4.516244E+06  1.082682E+05  1.244689E+04  1.185418E+03  3.951393E+02  1.388915E+05  6.602307E+01
3.758623E-02  4.407071E+06  1.104374E+05  1.100513E+04  3.861448E+02  1.351507E+03  1.449974E+05  2.258207E+02
3.846173E-02  4.324112E+06  1.073575E+05  1.471685E+04  5.660326E+02  7.547102E+02  1.518854E+05  1.261031E+02
3.935762E-02  4.253341E+06  1.052825E+05  1.290679E+04  7.375309E+02  7.375309E+02  1.336775E+05  1.232326E+02
4.027437E-02  4.100125E+06  1.102736E+05  1.225262E+04  5.405570E+02  1.801857E+03  1.327968E+05  3.010688E+02
4.121248E-02  4.040074E+06  1.021288E+05  1.250197E+04  1.408673E+03  1.408673E+03  1.301262E+05  2.353725E+02
4.217245E-02  3.993195E+06  1.123656E+05  1.324985E+04  6.883039E+02  1.032456E+03  1.299174E+05  1.725111E+02
4.315477E-02  3.851010E+06  1.025770E+05  1.496615E+04  6.726361E+02  1.513431E+03  1.271282E+05  2.528763E+02
4.415997E-02  3.781755E+06  1.004064E+05  1.281784E+04  0.000000E+00  1.314650E+03  1.280141E+05  2.196624E+02
4.518859E-02  3.669175E+06  1.010115E+05  1.284725E+04  3.211813E+02  3.211813E+02  1.170706E+05  5.366556E+01
4.624117E-02  3.590362E+06  1.024786E+05  1.020078E+04  3.138703E+02  1.412416E+03  1.283729E+05  2.359979E+02
4.731826E-02  3.553724E+06  1.016796E+05  1.334257E+04  6.134515E+02  1.380266E+03  1.150221E+05  2.306260E+02
4.842045E-02  3.445855E+06  9.711699E+04  1.004142E+04  1.498719E+02  4.496157E+02  1.185487E+05  7.512543E+01
4.954830E-02  3.389826E+06  9.666386E+04  1.069161E+04  4.393812E+02  1.318144E+03  1.143856E+05  2.202461E+02
5.070243E-02  3.269583E+06  8.830908E+04  1.331077E+04  2.862531E+02  1.001886E+03  1.140719E+05  1.674032E+02
5.188344E-02  3.249847E+06  8.643879E+04  1.174896E+04  5.594744E+02  1.118949E+03  1.120347E+05  1.869630E+02
5.309196E-02  3.146757E+06  8.898180E+04  9.841305E+03  5.467392E+02  1.093478E+03  1.094845E+05  1.827072E+02
5.432863E-02  3.068450E+06  9.176497E+04  1.095302E+04  1.335735E+02  1.469308E+03  1.079274E+05  2.455039E+02
5.559411E-02  2.979154E+06  8.993721E+04  1.240063E+04  7.831978E+02  1.435863E+03  1.058622E+05  2.399155E+02
5.688906E-02  2.935832E+06  8.138435E+04  7.908824E+03  3.826850E+02  7.653700E+02  1.089377E+05  1.278842E+02
5.821418E-02  2.883714E+06  7.816058E+04  1.047127E+04  7.479481E+02  6.232901E+02  1.019703E+05  1.041443E+02
5.957016E-02  2.819534E+06  7.991422E+04  8.527432E+03  2.436409E+02  2.436409E+02  9.818728E+04  4.070949E+01
6.095773E-02  2.725235E+06  7.714277E+04  9.404751E+03  8.333324E+02  9.523798E+02  1.051189E+05  1.591313E+02
6.237762E-02  2.654592E+06  7.585213E+04  1.128475E+04  3.490129E+02  8.143634E+02  9.551319E+04  1.360704E+02
6.383058E-02  2.575066E+06  7.310232E+04  7.162436E+03  4.547578E+02  1.023205E+03  9.538546E+04  1.709654E+02
6.531738E-02  2.530449E+06  7.510466E+04  1.011024E+04  6.666094E+02  8.888126E+02  9.210320E+04  1.485100E+02
6.683882E-02  2.501947E+06  7.415508E+04  9.337243E+03  6.514356E+02  8.685807E+02  9.033240E+04  1.451295E+02
6.839570E-02  2.463563E+06  6.546443E+04  8.275892E+03  1.061012E+02  9.549106E+02  9.326294E+04  1.595542E+02
6.998884E-02  2.384364E+06  6.822540E+04  9.228056E+03  4.147441E+02  9.331742E+02  9.238424E+04  1.559223E+02
7.161909E-02  2.305771E+06  6.758433E+04  7.802090E+03  3.039775E+02  1.418562E+03  9.321977E+04  2.370248E+02
7.328731E-02  2.262197E+06  6.574887E+04  9.406841E+03  2.970581E+02  5.941163E+02  9.139489E+04  9.926976E+01
7.499439E-02  2.215831E+06  5.922044E+04  7.354172E+03  5.805926E+02  6.773580E+02  8.176678E+04  1.131785E+02
7.674123E-02  2.174471E+06  6.335706E+04  7.186771E+03  4.728139E+02  6.619394E+02  8.661950E+04  1.106022E+02
7.852877E-02  2.117396E+06  6.431754E+04  7.762462E+03  9.241026E+01  5.544616E+02  8.141344E+04  9.264393E+01
8.035794E-02  2.031812E+06  6.005399E+04  7.224540E+03  3.612270E+02  1.264294E+03  7.983117E+04  2.112486E+02
8.222971E-02  2.013802E+06  6.045201E+04  7.236592E+03  4.412556E+02  7.942601E+02  8.304430E+04  1.327114E+02
8.414509E-02  1.959942E+06  5.536754E+04  7.330593E+03  6.036959E+02  3.449691E+02  8.115398E+04  5.764023E+01
8.610508E-02  1.948197E+06  5.907969E+04  6.658054E+03  5.899541E+02  5.899541E+02  7.745255E+04  9.857431E+01
8.811073E-02  1.874777E+06  5.476989E+04  6.835941E+03  1.647215E+02  7.412466E+02  7.634840E+04  1.238535E+02
9.016309E-02  1.824537E+06  5.384512E+04  6.760822E+03  3.219439E+02  6.438878E+02  7.436904E+04  1.075860E+02
9.226326E-02  1.790320E+06  5.309138E+04  6.449619E+03  4.719233E+02  3.932695E+02  7.275485E+04  6.571064E+01
9.441234E-02  1.756485E+06  5.334328E+04  6.225944E+03  2.305905E+02  3.074540E+02  7.117561E+04  5.137191E+01
9.661149E-02  1.714700E+06  5.205392E+04  6.234452E+03  6.760249E+02  8.262527E+02  7.368672E+04  1.380570E+02
9.886186E-02  1.673246E+06  4.807967E+04  6.459559E+03  8.808490E+02  5.138286E+02  7.222962E+04  8.585463E+01
1.011646E-01  1.657252E+06  5.085884E+04  6.169055E+03  3.586660E+02  3.586660E+02  6.886387E+04  5.992882E+01
1.035211E-01  1.604247E+06  5.369687E+04  5.748229E+03  2.804014E+02  9.814050E+02  6.841795E+04  1.639811E+02
1.059324E-01  1.585541E+06  4.966589E+04  7.741028E+03  2.740187E+02  1.027570E+03  6.651804E+04  1.716947E+02
1.083999E-01  1.551859E+06  4.913786E+04  7.096204E+03  5.355625E+02  6.694532E+02  7.163149E+04  1.118577E+02
1.109248E-01  1.494095E+06  4.854272E+04  5.168295E+03  1.308429E+02  5.887931E+02  6.784205E+04  9.838032E+01
1.135086E-01  1.461684E+06  4.724596E+04  5.306379E+03  3.196614E+02  1.917968E+02  6.067174E+04  3.204697E+01
1.161526E-01  1.442157E+06  4.529583E+04  6.747517E+03  4.998160E+02  3.748620E+02  6.541343E+04  6.263498E+01
1.188581E-01  1.400965E+06  4.548587E+04  5.800211E+03  4.884388E+02  6.716034E+02  5.958954E+04  1.122169E+02
1.216267E-01  1.377249E+06  4.427149E+04  6.145503E+03  2.386603E+02  7.159809E+02  6.163403E+04  1.196319E+02
1.244597E-01  1.340593E+06  4.023178E+04  4.839476E+03  3.498416E+02  3.498416E+02  6.017276E+04  5.845437E+01
1.273587E-01  1.299308E+06  4.153821E+04  5.242133E+03  7.407362E+02  8.546956E+02  5.834722E+04  1.428095E+02
1.303253E-01  1.272015E+06  3.936766E+04  5.401221E+03  2.227308E+02  6.125096E+02  5.863387E+04  1.023431E+02
1.333610E-01  1.238708E+06  4.217178E+04  4.734122E+03  4.353216E+02  8.162280E+02  5.680947E+04  1.363820E+02
1.364674E-01  1.219498E+06  3.722359E+04  5.158126E+03  2.127062E+02  3.722359E+02  5.923868E+04  6.219618E+01
1.396461E-01  1.186386E+06  3.996194E+04  5.144645E+03  2.078644E+02  3.117967E+02  5.882564E+04  5.209751E+01
1.428989E-01  1.170452E+06  3.895073E+04  5.738504E+03  2.031329E+02  5.586154E+02  5.291611E+04  9.333798E+01
1.462274E-01  1.153784E+06  3.548348E+04  4.416825E+03  5.458997E+02  3.473907E+02  5.394482E+04  5.804486E+01
1.496335E-01  1.103272E+06  3.525775E+04  4.752764E+03  9.699519E+01  4.364784E+02  5.058299E+04  7.293034E+01
1.531189E-01  1.096689E+06  3.649311E+04  4.360216E+03  2.843619E+02  3.317556E+02  5.417095E+04  5.543241E+01
1.566855E-01  1.060239E+06  3.399510E+04  4.492540E+03  9.262969E+01  6.484078E+02  5.122422E+04  1.083412E+02
1.603352E-01  1.033571E+06  3.249710E+04  4.118714E+03  2.715635E+02  5.431271E+02  5.123499E+04  9.075007E+01
1.640699E-01  1.010177E+06  3.268622E+04  4.423033E+03  3.538427E+02  4.865337E+02  5.086488E+04  8.129398E+01
1.678915E-01  1.000106E+06  3.475172E+04  3.933341E+03  2.161176E+02  4.754588E+02  4.862647E+04  7.944350E+01
1.718022E-01  9.712583E+05  3.083494E+04  4.519641E+03  2.956775E+02  1.689586E+02  4.984278E+04  2.823096E+01
1.758040E-01  9.418435E+05  3.207312E+04  4.127815E+03  3.715033E+02  2.889470E+02  4.726348E+04  4.827961E+01
1.798990E-01  9.285126E+05  3.049594E+04  4.275886E+03  2.420313E+02  3.630469E+02  4.792219E+04  6.066081E+01
1.840894E-01  9.110432E+05  3.066901E+04  3.587250E+03  3.942033E+01  5.518846E+02  4.513627E+04  9.221334E+01
1.883774E-01  8.869923E+05  2.989386E+04  4.353100E+03  2.696611E+02  5.007991E+02  4.453260E+04  8.367757E+01
1.927653E-01  8.683077E+05  3.143451E+04  3.237566E+03  1.882306E+02  4.893995E+02  4.713294E+04  8.177283E+01
1.972553E-01  8.346731E+05  3.064539E+04  3.899654E+03  2.207351E+02  1.471568E+02  4.403666E+04  2.458814E+01
2.018500E-01  8.235111E+05  2.879736E+04  4.062549E+03  1.797588E+02  5.033247E+02  4.188381E+04  8.409956E+01
2.065517E-01  8.070494E+05  2.817699E+04  3.232273E+03  1.405336E+02  3.864674E+02  4.075475E+04  6.457410E+01
2.113629E-01  7.883010E+05  2.575025E+04  3.536368E+03  1.716683E+02  3.090030E+02  4.058240E+04  5.163072E+01
2.162862E-01  7.694512E+05  2.855287E+04  3.489422E+03  1.006564E+02  3.019692E+02  4.200728E+04  5.045546E+01
2.213241E-01  7.493461E+05  2.823081E+04  3.344417E+03  3.278840E+01  2.950956E+02  4.144454E+04  4.930696E+01
2.264794E-01  7.314237E+05  2.742799E+04  3.973213E+03  9.612613E+01  1.602102E+02  4.101382E+04  2.676922E+01
2.317548E-01  7.183755E+05  2.717940E+04  3.726209E+03  2.191887E+02  3.444395E+02  3.948529E+04  5.755173E+01
2.371531E-01  7.021150E+05  2.438813E+04  3.365991E+03  1.835995E+02  3.365991E+02  3.984109E+04  5.624169E+01
2.426771E-01  6.807503E+05  2.458057E+04  3.050144E+03  4.186473E+02  4.186473E+02  3.794738E+04  6.995097E+01
2.483298E-01  6.721219E+05  2.545296E+04  3.009937E+03  1.461135E+02  3.214496E+02  3.591469E+04  5.371040E+01
2.541141E-01  6.533100E+05  2.270321E+04  3.741033E+03  2.855750E+02  3.426900E+02  3.721042E+04  5.725942E+01
2.600332E-01  6.365690E+05  2.355389E+04  2.734930E+03  2.232596E+02  4.186118E+02  3.502385E+04  6.994505E+01
2.660901E-01  6.200335E+05  2.307228E+04  3.218120E+03  1.636332E+02  3.545386E+02  3.692656E+04  5.923918E+01
2.722882E-01  6.099975E+05  2.337329E+04  2.905004E+03  1.599085E+02  3.731198E+02  3.390060E+04  6.234387E+01
2.786306E-01  5.877259E+05  2.156505E+04  3.125370E+03  5.208950E+01  2.344028E+02  3.510832E+04  3.916591E+01
2.851207E-01  5.842484E+05  2.300852E+04  3.715977E+03  1.527114E+02  2.036152E+02  3.380012E+04  3.402167E+01
2.917620E-01  5.727401E+05  2.037061E+04  2.860343E+03  1.989804E+02  1.989804E+02  3.464745E+04  3.324725E+01
2.985580E-01  5.544041E+05  2.182713E+04  3.329973E+03  1.458383E+02  2.916765E+02  3.247332E+04  4.873567E+01
3.055124E-01  5.443972E+05  1.985759E+04  2.446569E+03  4.750619E+01  1.900248E+02  3.052273E+04  3.175087E+01
3.126287E-01  5.305196E+05  2.040371E+04  2.971188E+03  2.089117E+02  3.017613E+02  3.217240E+04  5.042072E+01
3.199107E-01  5.229123E+05  1.971242E+04  3.243816E+03  1.587882E+02  2.948924E+02  3.057807E+04  4.927301E+01
3.273624E-01  5.032728E+05  1.957406E+04  2.238936E+03  1.551737E+02  1.551737E+02  3.087958E+04  2.592769E+01
3.349876E-01  4.960845E+05  1.951844E+04  2.317950E+03  1.083154E+02  1.949677E+02  2.872524E+04  3.257678E+01
3.427905E-01  4.867611E+05  1.882010E+04  2.561566E+03  8.467987E+01  2.752096E+02  3.118336E+04  4.598424E+01
3.507751E-01  4.790946E+05  1.944680E+04  2.772203E+03  1.655046E+02  1.448166E+02  3.037010E+04  2.419712E+01
3.589457E-01  4.635189E+05  1.801349E+04  2.547363E+03  1.213030E+02  2.223888E+02  2.844555E+04  3.715852E+01
3.673066E-01  4.522962E+05  1.673415E+04  2.390593E+03  1.580557E+02  2.568405E+02  2.811416E+04  4.291499E+01
3.758623E-01  4.495112E+05  1.753097E+04  2.529249E+03  1.351507E+02  3.089159E+02  2.745490E+04  5.161616E+01
3.846173E-01  4.280905E+05  1.728286E+04  2.226395E+03  1.132065E+02  2.452808E+02  2.758466E+04  4.098350E+01
3.935762E-01  4.224946E+05  1.744260E+04  2.765741E+03  1.290679E+02  2.212593E+02  2.745459E+04  3.696979E+01
4.027437E-01  4.116702E+05  1.702754E+04  2.324395E+03  1.441485E+02  3.063156E+02  2.598277E+04  5.118169E+01
4.121248E-01  4.024579E+05  1.604126E+04  2.412353E+03  1.936925E+02  2.993430E+02  2.708174E+04  5.001665E+01
4.217245E-01  3.927806E+05  1.569333E+04  2.271403E+03  1.204532E+02  2.236988E+02  2.610392E+04  3.737740E+01
4.315477E-01  3.864126E+05  1.595829E+04  2.371042E+03  8.407952E+01  2.522386E+02  2.515659E+04  4.214606E+01
4.415997E-01  3.764501E+05  1.648243E+04  2.645733E+03  1.150319E+02  2.629300E+02  2.535631E+04  4.393248E+01
4.518859E-01  3.662269E+05  1.575394E+04  2.119796E+03  1.124134E+02  8.029532E+01  2.455431E+04  1.341639E+01
4.624117E-01  3.615786E+05  1.522271E+04  2.526656E+03  1.255481E+02  1.412416E+02  2.363443E+04  2.359979E+01
4.731826E-01  3.505875E+05  1.556633E+04  2.223762E+03  1.073540E+02  1.226903E+02  2.440003E+04  2.050009E+01
4.842045E-01  3.419477E+05  1.491225E+04  2.143168E+03  1.648591E+02  2.248078E+02  2.336503E+04  3.756271E+01
4.954830E-01  3.353797E+05  1.488038E+04  2.079738E+03  1.464604E+02  2.343366E+02  2.368265E+04  3.915486E+01
5.070243E-01  3.266720E+05  1.431266E+04  1.975146E+03  1.001886E+02  1.574392E+02  2.292887E+04  2.630622E+01
5.188344E-01  3.214040E+05  1.391693E+04  2.000121E+03  1.398686E+02  2.098029E+02  2.285453E+04  3.505556E+01
5.309196E-01  3.139240E+05  1.388718E+04  1.886250E+03  6.834240E+01  1.230163E+02  2.195158E+04  2.055456E+01
5.432863E-01  3.073926E+05  1.382485E+04  1.843314E+03  6.678674E+01  2.003602E+02  2.127825E+04  3.347780E+01
5.559411E-01  2.964795E+05  1.285750E+04  1.879675E+03  1.957995E+02  2.219060E+02  2.185122E+04  3.707786E+01
5.688906E-01  2.903176E+05  1.326641E+04  1.951694E+03  1.148055E+02  1.913425E+02  2.131556E+04  3.197105E+01
5.821418E-01  2.897676E+05  1.276498E+04  1.919733E+03  7.479481E+01  2.243844E+02  2.210187E+04  3.749197E+01
5.957016E-01  2.799434E+05  1.248660E+04  1.571484E+03  8.527432E+01  2.680050E+02  1.977146E+04  4.478044E+01
6.095773E-01  2.715949E+05  1.216665E+04  1.523808E+03  8.333324E+01  1.309522E+02  1.971426E+04  2.188056E+01
6.237762E-01  2.663899E+05  1.249466E+04  1.791599E+03  3.490129E+01  1.512389E+02  1.995190E+04  2.527022E+01
6.383058E-01  2.634071E+05  1.252858E+04  1.557546E+03  7.958262E+01  1.591652E+02  1.978197E+04  2.659462E+01
6.531738E-01  2.552225E+05  1.216562E+04  1.733185E+03  8.888126E+01  1.333219E+02  1.909836E+04  2.227650E+01
6.683882E-01  2.466118E+05  1.121555E+04  1.726304E+03  7.600082E+01  1.628589E+02  1.902192E+04  2.721178E+01
6.839570E-01  2.422184E+05  1.211675E+04  1.549077E+03  1.061012E+02  1.485417E+02  1.879052E+04  2.481954E+01
6.998884E-01  2.388822E+05  1.172689E+04  1.804137E+03  9.331742E+01  1.451604E+02  1.830058E+04  2.425458E+01
7.161909E-01  2.331001E+05  1.158154E+04  1.833998E+03  1.114584E+02  1.823865E+02  1.849197E+04  3.047461E+01
7.328731E-01  2.253681E+05  1.112978E+04  1.614016E+03  8.911744E+01  8.911744E+01  1.787300E+04  1.489046E+01
7.499439E-01  2.210703E+05  1.048937E+04  1.470834E+03  1.354716E+02  1.548247E+02  1.710813E+04  2.586936E+01
7.674123E-01  2.150641E+05  1.069505E+04  1.494092E+03  6.619394E+01  1.323879E+02  1.754139E+04  2.212044E+01
7.852877E-01  2.126268E+05  1.042388E+04  1.432359E+03  5.544616E+01  1.386154E+02  1.622724E+04  2.316098E+01
8.035794E-01  2.075972E+05  1.034012E+04  1.318479E+03  7.224540E+01  1.354601E+02  1.659838E+04  2.263377E+01
8.222971E-01  2.003036E+05  1.001650E+04  1.279641E+03  6.177578E+01  1.765022E+02  1.626468E+04  2.949142E+01
8.414509E-01  1.974172E+05  9.702256E+03  1.431622E+03  6.899382E+01  9.486650E+01  1.568747E+04  1.585106E+01
8.610508E-01  1.935640E+05  9.751099E+03  1.281043E+03  6.742333E+01  1.348467E+02  1.509440E+04  2.253127E+01
8.811073E-01  1.879966E+05  9.323235E+03  1.367188E+03  6.588859E+01  1.153050E+02  1.492377E+04  1.926610E+01
9.016309E-01  1.820834E+05  9.288082E+03  1.400456E+03  4.829159E+01  1.126804E+02  1.501868E+04  1.882755E+01
9.226326E-01  1.772859E+05  8.919351E+03  1.352847E+03  9.438467E+01  1.415770E+02  1.488132E+04  2.365583E+01
9.441234E-01  1.756946E+05  8.854676E+03  1.137580E+03  4.611811E+01  9.992256E+01  1.461944E+04  1.669587E+01
9.661149E-01  1.713798E+05  8.683165E+03  1.284447E+03  1.051594E+02  1.427164E+02  1.373833E+04  2.384621E+01
9.886186E-01  1.671925E+05  9.212212E+03  1.115742E+03  6.606367E+01  1.247869E+02  1.402018E+04  2.085041E+01
1.011646E+00  1.655028E+05  8.399958E+03  1.140558E+03  7.173320E+01  1.578130E+02  1.413144E+04  2.636868E+01
1.035211E+00  1.610275E+05  8.229782E+03  1.205726E+03  7.711039E+01  1.121606E+02  1.408316E+04  1.874069E+01
1.059324E+00  1.571703E+05  8.700094E+03  1.061822E+03  1.027570E+02  1.301589E+02  1.380369E+04  2.174800E+01
1.083999E+00  1.535123E+05  7.779046E+03  1.124681E+03  6.694532E+01  1.271961E+02  1.329534E+04  2.125295E+01
1.109248E+00  1.509796E+05  8.131887E+03  1.099080E+03  8.504789E+01  9.159004E+01  1.294691E+04  1.530360E+01
1.135086E+00  1.461300E+05  7.895637E+03  1.233893E+03  5.114583E+01  1.150781E+02  1.259466E+04  1.922818E+01
1.161526E+00  1.436096E+05  7.459755E+03  1.212054E+03  9.371551E+01  9.996321E+01  1.224549E+04  1.670266E+01
1.188581E+00  1.402980E+05  7.613541E+03  1.056249E+03  4.884388E+01  9.768777E+01  1.222318E+04  1.632246E+01
1.216267E+00  1.370388E+05  7.285106E+03  1.139603E+03  4.773206E+01  1.073971E+02  1.195688E+04  1.794478E+01
1.244597E+00  1.325783E+05  7.393319E+03  9.853872E+02  5.247624E+01  1.224446E+02  1.183631E+04  2.045903E+01
1.273587E+00  1.315661E+05  7.196537E+03  1.099708E+03  4.558377E+01  9.686550E+01  1.190876E+04  1.618507E+01
1.303253E+00  1.278029E+05  7.567278E+03  1.013425E+03  6.681923E+01  1.447750E+02  1.166552E+04  2.419018E+01
1.333610E+00  1.248393E+05  7.057651E+03  8.652016E+02  7.618128E+01  9.250584E+01  1.112791E+04  1.545662E+01
1.364674E+00  1.230399E+05  6.833187E+03  1.068849E+03  3.722359E+01  1.276237E+02  1.073635E+04  2.132441E+01
1.396461E+00  1.191583E+05  7.093374E+03  9.353900E+02  6.755594E+01  9.353900E+01  1.075179E+04  1.562925E+01
1.428989E+00  1.158518E+05  7.089337E+03  1.056291E+03  6.093986E+01  9.140979E+01  1.155826E+04  1.527349E+01
1.462274E+00  1.134479E+05  6.441617E+03  9.578059E+02  6.451542E+01  7.444087E+01  1.078400E+04  1.243818E+01
1.496335E+00  1.106618E+05  6.309537E+03  8.099098E+02  4.849760E+01  9.214543E+01  1.032514E+04  1.539640E+01
1.531189E+00  1.074367E+05  5.990558E+03  8.436071E+02  5.687239E+01  7.109048E+01  1.006167E+04  1.187837E+01
1.566855E+00  1.050467E+05  6.544288E+03  9.448228E+02  6.947227E+01  1.065241E+02  9.999375E+03  1.779892E+01
1.603352E+00  1.022708E+05  6.010606E+03  8.780554E+02  7.694300E+01  8.146906E+01  9.893965E+03  1.361251E+01
1.640699E+00  1.010796E+05  5.803020E+03  9.199909E+02  5.307640E+01  1.017298E+02  9.496253E+03  1.699783E+01
1.678915E+00  9.942708E+04  6.038327E+03  7.650564E+02  6.915764E+01  6.915764E+01  9.470275E+03  1.155542E+01
1.718022E+00  9.689351E+04  5.938893E+03  7.222978E+02  2.956775E+01  1.098231E+02  9.216689E+03  1.835013E+01
1.758040E+00  9.325147E+04  5.816091E+03  7.801570E+02  3.302252E+01  7.017285E+01  9.279328E+03  1.172505E+01
1.798990E+00  9.214937E+04  5.607058E+03  8.551771E+02  5.647396E+01  9.277865E+01  9.003563E+03  1.550221E+01
1.840894E+00  8.997689E+04  5.396643E+03  7.647543E+02  3.942033E+01  1.024928E+02  8.822269E+03  1.712533E+01
1.883774E+00  8.721224E+04  5.397074E+03  6.433343E+02  3.852301E+01  5.778451E+01  8.436539E+03  9.655104E+00
1.927653E+00  8.689101E+04  5.289280E+03  7.228055E+02  6.399840E+01  1.054091E+02  8.346145E+03  1.761261E+01
1.972553E+00  8.414791E+04  5.327075E+03  6.842789E+02  4.782595E+01  1.066886E+02  8.181916E+03  1.782640E+01
2.018500E+00  8.266749E+04  5.173459E+03  7.118449E+02  2.516624E+01  6.830835E+01  8.398332E+03  1.141351E+01
2.065517E+00  8.044144E+04  4.897596E+03  6.183479E+02  2.810672E+01  6.324012E+01  7.975282E+03  1.056667E+01
2.113629E+00  7.869277E+04  5.016149E+03  7.107069E+02  4.806714E+01  5.493387E+01  7.996311E+03  9.178795E+00
2.162862E+00  7.728400E+04  4.972427E+03  6.844636E+02  2.684171E+01  8.388035E+01  7.757254E+03  1.401541E+01
2.213241E+00  7.445590E+04  4.718251E+03  6.459315E+02  6.229796E+01  9.836520E+01  7.767572E+03  1.643565E+01
2.264794E+00  7.308790E+04  4.812715E+03  6.696787E+02  4.806307E+01  7.369670E+01  7.504247E+03  1.231384E+01
2.317548E+00  7.140543E+04  4.768921E+03  7.421105E+02  1.252507E+01  5.636282E+01  7.186260E+03  9.417556E+00
2.371531E+00  7.026964E+04  4.287048E+03  6.181183E+02  4.589987E+01  7.649979E+01  7.117540E+03  1.278220E+01
2.426771E+00  6.734838E+04  4.542323E+03  6.608646E+02  2.093236E+01  5.681641E+01  6.949544E+03  9.493346E+00
2.483298E+00  6.774697E+04  4.345414E+03  6.691996E+02  3.214496E+01  6.136765E+01  6.636473E+03  1.025380E+01
2.541141E+00  6.528530E+04  4.469249E+03  5.168908E+02  3.998050E+01  6.282650E+01  6.865223E+03  1.049756E+01
2.600332E+00  6.298991E+04  4.172164E+03  5.553583E+02  4.744267E+01  6.976863E+01  6.708952E+03  1.165751E+01
2.660901E+00  6.237698E+04  4.118103E+03  5.808979E+02  1.363610E+01  6.818051E+01  6.340787E+03  1.139215E+01
2.722882E+00  6.123695E+04  4.128304E+03  5.250328E+02  2.665141E+01  3.997712E+01  6.436316E+03  6.679700E+00
2.786306E+00  5.931171E+04  3.891086E+03  5.834024E+02  3.906713E+01  6.771635E+01  6.289807E+03  1.131460E+01
2.851207E+00  5.840702E+04  4.036671E+03  5.395803E+02  2.290671E+01  3.817785E+01  5.930293E+03  6.379064E+00
2.917620E+00  5.718695E+04  3.810474E+03  5.919665E+02  2.238529E+01  5.223234E+01  6.011694E+03  8.727402E+00
2.985580E+00  5.562028E+04  3.920618E+03  5.298790E+02  2.916765E+01  8.750295E+01  5.719290E+03  1.462070E+01
3.055124E+00  5.449910E+04  3.845626E+03  5.059409E+02  1.900248E+01  6.413336E+01  5.786254E+03  1.071592E+01
3.126287E+00  5.312160E+04  3.586317E+03  4.433570E+02  2.785489E+01  6.499474E+01  5.700968E+03  1.085985E+01
3.199107E+00  5.172186E+04  3.609029E+03  4.514122E+02  3.175764E+01  2.722084E+01  5.398799E+03  4.548277E+00
3.273624E+00  5.081497E+04  3.611115E+03  4.921225E+02  2.438445E+01  4.876889E+01  5.193887E+03  8.148701E+00
3.349876E+00  4.958246E+04  3.323117E+03  4.440931E+02  2.382939E+01  4.332616E+01  5.190474E+03  7.239285E+00
3.427905E+00  4.875655E+04  3.414716E+03  4.509203E+02  3.810594E+01  4.233994E+01  4.919901E+03  7.074499E+00
3.507751E+00  4.686264E+04  3.212859E+03  4.778947E+02  1.655046E+01  3.516974E+01  5.080993E+03  5.876444E+00
3.589457E+00  4.633572E+04  3.277202E+03  4.508427E+02  2.830403E+01  3.639089E+01  5.034074E+03  6.080485E+00
3.673066E+00  4.503600E+04  3.180871E+03  4.287261E+02  1.580557E+01  3.951393E+01  4.895776E+03  6.602307E+00
3.758623E+00  4.410739E+04  3.048613E+03  4.208978E+02  2.703014E+01  4.054521E+01  4.768888E+03  6.774621E+00
3.846173E+00  4.304678E+04  3.045256E+03  4.188641E+02  1.509420E+01  4.150906E+01  4.662222E+03  6.935669E+00
3.935762E+00  4.227527E+04  2.924310E+03  4.019543E+02  2.028210E+01  4.056420E+01  4.530283E+03  6.777794E+00
4.027437E+00  4.139225E+04  2.850537E+03  4.108233E+02  1.441485E+01  4.144270E+01  4.427162E+03  6.924582E+00
4.121248E+00  4.022114E+04  2.789173E+03  3.909068E+02  1.936925E+01  3.697767E+01  4.535927E+03  6.178528E+00
4.217245E+00  3.926946E+04  2.791072E+03  4.078200E+02  2.409063E+01  3.785671E+01  4.217582E+03  6.325406E+00
4.315477E+00  3.854541E+04  2.695589E+03  4.372135E+02  1.345272E+01  2.858704E+01  4.193886E+03  4.776553E+00
4.415997E+00  3.741987E+04  2.695033E+03  3.303059E+02  2.464969E+01  3.450957E+01  4.287403E+03  5.766138E+00
4.518859E+00  3.637699E+04  2.723617E+03  4.319888E+02  2.730041E+01  3.693585E+01  4.056519E+03  6.171540E+00
4.624117E+00  3.583143E+04  2.718117E+03  4.001846E+02  1.883222E+01  3.295638E+01  4.155643E+03  5.506619E+00
4.731826E+00  3.500661E+04  2.640909E+03  3.665372E+02  1.533629E+01  2.300443E+01  3.774260E+03  3.843766E+00
4.842045E+00  3.383358E+04  2.510354E+03  3.327156E+02  8.992314E+00  3.896669E+01  3.767780E+03  6.510870E+00
4.954830E+00  3.346767E+04  2.563057E+03  3.148899E+02  2.050446E+01  2.782748E+01  3.728882E+03  4.649640E+00
5.070243E+00  3.257847E+04  2.285731E+03  3.263285E+02  2.719404E+01  3.148784E+01  3.548107E+03  5.261243E+00
5.188344E+00  3.199074E+04  2.349792E+03  3.049135E+02  1.258817E+01  3.916321E+01  3.531682E+03  6.543705E+00
5.309196E+00  3.147851E+04  2.456226E+03  3.116413E+02  2.460326E+01  3.963859E+01  3.545604E+03  6.623136E+00
5.432863E+00  3.052955E+04  2.316164E+03  3.179049E+02  1.870029E+01  2.270749E+01  3.440853E+03  3.794151E+00
5.559411E+00  3.002650E+04  2.286938E+03  3.302484E+02  1.566396E+01  3.263324E+01  3.455208E+03  5.452626E+00
5.688906E+00  2.925755E+04  2.261668E+03  2.755332E+02  2.423672E+01  2.168548E+01  3.288540E+03  3.623386E+00
5.821418E+00  2.864018E+04  2.090515E+03  3.166314E+02  1.994528E+01  3.739740E+01  3.136396E+03  6.248661E+00
5.957016E+00  2.772634E+04  2.109930E+03  2.935873E+02  2.314589E+01  2.923691E+01  3.234333E+03  4.885139E+00
6.095773E+00  2.673568E+04  2.001188E+03  2.511902E+02  1.428570E+01  2.619045E+01  3.141663E+03  4.376112E+00
6.237762E+00  2.651800E+04  1.991700E+03  2.803737E+02  1.861402E+01  3.606467E+01  3.010818E+03  6.025976E+00
6.383058E+00  2.573247E+04  1.995250E+03  2.626227E+02  1.136895E+01  3.979131E+01  3.026413E+03  6.648654E+00
6.531738E+00  2.506118E+04  2.005383E+03  2.766429E+02  1.777625E+01  1.999828E+01  2.863088E+03  3.341475E+00
6.683882E+00  2.457432E+04  1.905449E+03  2.562313E+02  1.411444E+01  2.171452E+01  2.756658E+03  3.628237E+00
6.839570E+00  2.428232E+04  1.847222E+03  2.663140E+02  1.909821E+01  2.228125E+01  2.811681E+03  3.722931E+00
6.998884E+00  2.353258E+04  1.761626E+03  2.281092E+02  1.451604E+01  2.488465E+01  2.703095E+03  4.157928E+00
7.161909E+00  2.291180E+04  1.889727E+03  2.431820E+02  1.519888E+01  2.026517E+01  2.691214E+03  3.386068E+00
7.328731E+00  2.268237E+04  1.761555E+03  2.564602E+02  1.089213E+01  2.673523E+01  2.603220E+03  4.467139E+00
7.499439E+00  2.206639E+04  1.777581E+03  2.080457E+02  1.257951E+01  2.225605E+01  2.521707E+03  3.718721E+00
7.674123E+00  2.158301E+04  1.672815E+03  2.354613E+02  1.323879E+01  3.120572E+01  2.469980E+03  5.214103E+00
7.852877E+00  2.153344E+04  1.754871E+03  2.217846E+02  1.201333E+01  1.755795E+01  2.365703E+03  2.933724E+00
8.035794E+00  2.077146E+04  1.598429E+03  2.393129E+02  1.625521E+01  1.896442E+01  2.381389E+03  3.168728E+00
8.222971E+00  2.022892E+04  1.593815E+03  2.144502E+02  4.412556E+00  1.765022E+01  2.306884E+03  2.949142E+00
8.414509E+00  1.961581E+04  1.562710E+03  2.190554E+02  1.379876E+01  1.638603E+01  2.253511E+03  2.737911E+00
8.610508E+00  1.935977E+04  1.491741E+03  2.174402E+02  1.179908E+01  1.095629E+01  2.222442E+03  1.830666E+00
8.811073E+00  1.874283E+04  1.539322E+03  2.108435E+02  9.059681E+00  2.388461E+01  2.166087E+03  3.990834E+00
9.016309E+00  1.829849E+04  1.422187E+03  2.100684E+02  8.853457E+00  1.851177E+01  2.128854E+03  3.093097E+00
9.226326E+00  1.804399E+04  1.421276E+03  1.895559E+02  1.101154E+01  1.730386E+01  2.140959E+03  2.891268E+00
9.441234E+00  1.758253E+04  1.416594E+03  2.121433E+02  9.992256E+00  1.690997E+01  1.993839E+03  2.825455E+00
9.661149E+00  1.696898E+04  1.385100E+03  1.802733E+02  9.764805E+00  2.328530E+01  2.064881E+03  3.890697E+00
9.886186E+00  1.678311E+04  1.323476E+03  2.062655E+02  1.321273E+01  1.321273E+01  1.956219E+03  2.207691E+00
1.011646E+01  1.643766E+04  1.255331E+03  2.001356E+02  1.219464E+01  2.080263E+01  1.920298E+03  3.475871E+00
1.035211E+01  1.597797E+04  1.329103E+03  1.871679E+02  9.814050E+00  2.313312E+01  1.825413E+03  3.865268E+00
1.059324E+01  1.563756E+04  1.220753E+03  1.753720E+02  9.590654E+00  1.986636E+01  1.796878E+03  3.319431E+00
1.083999E+01  1.521600E+04  1.206355E+03  1.700411E+02  5.355625E+00  1.472797E+01  1.818904E+03  2.460868E+00
1.109248E+01  1.469497E+04  1.254129E+03  1.681331E+02  1.308429E+01  1.373851E+01  1.695724E+03  2.295541E+00
1.135086E+01  1.449345E+04  1.177633E+03  1.655846E+02  1.406510E+01  1.662239E+01  1.692927E+03  2.777404E+00
1.161526E+01  1.428287E+04  1.175192E+03  1.624402E+02  9.371551E+00  1.187063E+01  1.660014E+03  1.983441E+00
1.188581E+01  1.394676E+04  1.183854E+03  1.605743E+02  1.160042E+01  1.221097E+01  1.597195E+03  2.040308E+00
1.216267E+01  1.366629E+04  1.096644E+03  1.455828E+02  1.133636E+01  1.789952E+01  1.599024E+03  2.990797E+00
1.244597E+01  1.336570E+04  1.105499E+03  1.446012E+02  6.996832E+00  1.515980E+01  1.535222E+03  2.533023E+00
1.273587E+01  1.283468E+04  1.045578E+03  1.544150E+02  9.116753E+00  1.652411E+01  1.499136E+03  2.760983E+00
1.303253E+01  1.268062E+04  1.012868E+03  1.241724E+02  6.681923E+00  1.781846E+01  1.495080E+03  2.977253E+00
1.333610E+01  1.238435E+04  1.035521E+03  1.403912E+02  8.162280E+00  1.523626E+01  1.443635E+03  2.545797E+00
1.364674E+01  1.212745E+04  1.030562E+03  1.297508E+02  6.912952E+00  1.542120E+01  1.399607E+03  2.576699E+00
1.396461E+01  1.175214E+04  9.842381E+02  1.210810E+02  7.794917E+00  1.299153E+01  1.439461E+03  2.170730E+00
1.428989E+01  1.151509E+04  9.394895E+02  1.294972E+02  6.601818E+00  1.371147E+01  1.351849E+03  2.291023E+00
1.462274E+01  1.132295E+04  9.409327E+02  1.315122E+02  7.940360E+00  1.339936E+01  1.320085E+03  2.238873E+00
1.496335E+01  1.093863E+04  9.316388E+02  1.294886E+02  4.364784E+00  1.503425E+01  1.304100E+03  2.512045E+00
1.531189E+01  1.084983E+04  9.175412E+02  1.137448E+02  2.843619E+00  1.184841E+01  1.254510E+03  1.979729E+00
1.566855E+01  1.054774E+04  8.975817E+02  1.255132E+02  7.873524E+00  1.065241E+01  1.288479E+03  1.779892E+00
1.603352E+01  1.044026E+04  8.477308E+02  1.217510E+02  7.241694E+00  7.241694E+00  1.260507E+03  1.210001E+00
1.640699E+01  1.007700E+04  8.443571E+02  1.242872E+02  7.961460E+00  1.149989E+01  1.165912E+03  1.921494E+00
1.678915E+01  9.916342E+03  8.571226E+02  1.201614E+02  4.322353E+00  9.509176E+00  1.181731E+03  1.588870E+00
1.718022E+01  9.585864E+03  8.000188E+02  1.060215E+02  5.491153E+00  1.351668E+01  1.113859E+03  2.258477E+00
1.758040E+01  9.423389E+03  7.925405E+02  1.064976E+02  4.540596E+00  7.842848E+00  1.108731E+03  1.310447E+00
1.798990E+01  9.158059E+03  7.874084E+02  1.073005E+02  5.647396E+00  6.050781E+00  1.081073E+03  1.011014E+00
1.840894E+01  8.931463E+03  7.545050E+02  1.064349E+02  6.701455E+00  9.066675E+00  1.083271E+03  1.514933E+00
1.883774E+01  8.866071E+03  7.720011E+02  8.821769E+01  7.319372E+00  6.548912E+00  1.037425E+03  1.094245E+00
1.927653E+01  8.552069E+03  7.404992E+02  9.223299E+01  4.893995E+00  1.016445E+01  1.022469E+03  1.698359E+00
1.972553E+01  8.407065E+03  7.188607E+02  1.019061E+02  4.782595E+00  1.103676E+01  1.006552E+03  1.844111E+00
2.018500E+01  8.085192E+03  6.805669E+02  7.945340E+01  4.673729E+00  8.987941E+00  9.602716E+02  1.501778E+00
2.065517E+01  7.915204E+03  6.675346E+02  8.467150E+01  6.675346E+00  8.080683E+00  9.531692E+02  1.350186E+00
2.113629E+01  7.751856E+03  6.581764E+02  8.823753E+01  5.150050E+00  9.956764E+00  8.895854E+02  1.663657E+00
2.162862E+01  7.651230E+03  6.609771E+02  9.428151E+01  4.361778E+00  8.052513E+00  9.290587E+02  1.345479E+00
2.213241E+01  7.401981E+03  6.357671E+02  8.754502E+01  4.918260E+00  6.885564E+00  8.702041E+02  1.150496E+00
2.264794E+01  7.249512E+03  6.318691E+02  7.882343E+01  7.049250E+00  9.933034E+00  8.689802E+02  1.659692E+00
2.317548E+01  7.080423E+03  6.040216E+02  7.890795E+01  6.262536E+00  7.828169E+00  8.260284E+02  1.307994E+00
2.371531E+01  6.954137E+03  6.141403E+02  8.170177E+01  4.589987E+00  9.179974E+00  8.268097E+02  1.533864E+00
2.426771E+01  6.775208E+03  5.926849E+02  6.758163E+01  5.083574E+00  1.016715E+01  8.061950E+02  1.698809E+00
2.483298E+01  6.647286E+03  5.859150E+02  7.101114E+01  4.383404E+00  7.890127E+00  7.764469E+02  1.318346E+00
2.541141E+01  6.475128E+03  5.380233E+02  7.339278E+01  6.282650E+00  6.282650E+00  7.773352E+02  1.049756E+00
2.600332E+01  6.280851E+03  5.419627E+02  6.893141E+01  4.744267E+00  6.139640E+00  7.582455E+02  1.025861E+00
2.660901E+01  6.221335E+03  5.151719E+02  7.527128E+01  4.908996E+00  5.181718E+00  7.227134E+02  8.658034E-01
2.722882E+01  6.060531E+03  5.178369E+02  6.609550E+01  2.665141E+00  6.929367E+00  7.235858E+02  1.157815E+00
2.786306E+01  5.878300E+03  5.117794E+02  6.276785E+01  3.125370E+00  5.729845E+00  6.834143E+02  9.573889E-01
2.851207E+01  5.740422E+03  4.986027E+02  6.006648E+01  3.054228E+00  5.090380E+00  6.525867E+02  8.505419E-01
2.917620E+01  5.632388E+03  4.857608E+02  6.019156E+01  3.482156E+00  6.218136E+00  6.277830E+02  1.038976E+00
2.985580E+01  5.547687E+03  4.795648E+02  6.149513E+01  3.159829E+00  5.104339E+00  6.533554E+02  8.528742E-01
3.055124E+01  5.367249E+03  4.541592E+02  6.080792E+01  2.612840E+00  8.313583E+00  6.365830E+02  1.389101E+00
3.126287E+01  5.264110E+03  4.593736E+02  5.501341E+01  3.946109E+00  5.338854E+00  6.095579E+02  8.920589E-01
3.199107E+01  5.113434E+03  4.613932E+02  5.807112E+01  2.948924E+00  4.763646E+00  5.836601E+02  7.959486E-01
3.273624E+01  4.972654E+03  4.247327E+02  5.697093E+01  2.438445E+00  6.206950E+00  6.040692E+02  1.037107E+00
3.349876E+01  4.834550E+03  4.343448E+02  5.567412E+01  1.083154E+00  5.415770E+00  5.654064E+02  9.049107E-01
3.427905E+01  4.821249E+03  4.242462E+02  5.356002E+01  3.810594E+00  4.869093E+00  5.468203E+02  8.135674E-01
3.507751E+01  4.703021E+03  4.114859E+02  5.440965E+01  3.310093E+00  5.378901E+00  5.511305E+02  8.987503E-01
3.589457E+01  4.589902E+03  3.895847E+02  5.013856E+01  2.628231E+00  5.256462E+00  5.260506E+02  8.782922E-01
3.673066E+01  4.492338E+03  3.890146E+02  5.275109E+01  4.148962E+00  6.914937E+00  5.221766E+02  1.155404E+00
3.758623E+01  4.320767E+03  3.992737E+02  4.826810E+01  3.475303E+00  6.178317E+00  4.921416E+02  1.032323E+00
3.846173E+01  4.276188E+03  3.867890E+02  4.811277E+01  3.584873E+00  3.773551E+00  4.801843E+02  6.305154E-01
3.935762E+01  4.183459E+03  3.453488E+02  4.793951E+01  2.396975E+00  5.347099E+00  4.698072E+02  8.934365E-01
4.027437E+01  4.112377E+03  3.551459E+02  4.540678E+01  2.342413E+00  3.423527E+00  4.596536E+02  5.720307E-01
4.121248E+01  3.946750E+03  3.477662E+02  4.807097E+01  2.993430E+00  4.402103E+00  4.525362E+02  7.355390E-01
4.217245E+01  3.883238E+03  3.219541E+02  4.439560E+01  3.097367E+00  4.646051E+00  4.396541E+02  7.762998E-01
4.315477E+01  3.804094E+03  3.269012E+02  4.103080E+01  2.690545E+00  4.372135E+00  4.314961E+02  7.305317E-01
4.415997E+01  3.733278E+03  3.051632E+02  4.305479E+01  2.300638E+00  4.601276E+00  4.216740E+02  7.688183E-01
4.518859E+01  3.572339E+03  3.205389E+02  3.629348E+01  1.766497E+00  4.014766E+00  4.042066E+02  6.708195E-01
4.624117E+01  3.552698E+03  3.042972E+02  3.970459E+01  1.726287E+00  3.452573E+00  3.881006E+02  5.768839E-01
4.731826E+01  3.438702E+03  3.108665E+02  3.803399E+01  1.533629E+00  4.140797E+00  3.769659E+02  6.918779E-01
4.842045E+01  3.415581E+03  2.864052E+02  3.611913E+01  3.596926E+00  4.196413E+00  3.758787E+02  7.011707E-01
4.954830E+01  3.316742E+03  2.854513E+02  4.086245E+01  1.903985E+00  3.075668E+00  3.539948E+02  5.139075E-01
5.070243E+01  3.226216E+03  2.683623E+02  3.291911E+01  2.003772E+00  2.719404E+00  3.655452E+02  4.543801E-01
5.188344E+01  3.129700E+03  2.727438E+02  3.189004E+01  1.678423E+00  3.216978E+00  3.401604E+02  5.375187E-01
5.309196E+01  3.058869E+03  2.691324E+02  3.458125E+01  1.776902E+00  3.417120E+00  3.232595E+02  5.709600E-01
5.432863E+01  2.999659E+03  2.585982E+02  3.112262E+01  2.805043E+00  3.072190E+00  3.332658E+02  5.133263E-01
5.559411E+01  2.903967E+03  2.502317E+02  2.910885E+01  2.219060E+00  2.871725E+00  3.286820E+02  4.798311E-01
5.688906E+01  2.902156E+03  2.473421E+02  2.678795E+01  1.530740E+00  2.168548E+00  3.121434E+02  3.623386E-01
5.821418E+01  2.792340E+03  2.473215E+02  3.365766E+01  9.972641E-01  2.368502E+00  2.941929E+02  3.957485E-01
5.957016E+01  2.750097E+03  2.336516E+02  3.082057E+01  2.314589E+00  2.680050E+00  2.859126E+02  4.478044E-01
6.095773E+01  2.655949E+03  2.347616E+02  3.107139E+01  1.666665E+00  2.857140E+00  2.888092E+02  4.773940E-01
6.237762E+01  2.650986E+03  2.247643E+02  2.908441E+01  2.094077E+00  3.024778E+00  2.756038E+02  5.054044E-01
6.383058E+01  2.545052E+03  2.284021E+02  2.683071E+01  1.364274E+00  2.160100E+00  2.659197E+02  3.609269E-01
6.531738E+01  2.502785E+03  2.177591E+02  2.866421E+01  1.666524E+00  3.110844E+00  2.601999E+02  5.197850E-01
6.683882E+01  2.431483E+03  2.097622E+02  2.432026E+01  1.411444E+00  2.931460E+00  2.568828E+02  4.898121E-01
6.839570E+01  2.384518E+03  2.131573E+02  2.663140E+01  1.485417E+00  2.546428E+00  2.413802E+02  4.254778E-01
6.998884E+01  2.340712E+03  1.970034E+02  2.343304E+01  1.762662E+00  2.073720E+00  2.459432E+02  3.464940E-01
7.161909E+01  2.264025E+03  1.997132E+02  2.543279E+01  1.215910E+00  2.431820E+00  2.256526E+02  4.063282E-01
7.328731E+01  2.220609E+03  1.905133E+02  2.208132E+01  7.921551E-01  2.079407E+00  2.223975E+02  3.474441E-01
7.499439E+01  2.185157E+03  1.774678E+02  2.215928E+01  1.548247E+00  2.225605E+00  2.228508E+02  3.718721E-01
7.674123E+01  2.119908E+03  1.744683E+02  2.288419E+01  1.323879E+00  1.513004E+00  2.155086E+02  2.528050E-01
7.852877E+01  2.027851E+03  1.740085E+02  2.125436E+01  1.201333E+00  2.310257E+00  2.082927E+02  3.860164E-01
8.035794E+01  2.030908E+03  1.663450E+02  2.131239E+01  7.224540E-01  2.347975E+00  1.974106E+02  3.923187E-01
8.222971E+01  1.973824E+03  1.634411E+02  1.862099E+01  1.059013E+00  2.118027E+00  1.933582E+02  3.538971E-01
8.414509E+01  1.926825E+03  1.681724E+02  1.871457E+01  1.293634E+00  1.466119E+00  1.877494E+02  2.449710E-01
8.610508E+01  1.891393E+03  1.597090E+02  1.938421E+01  1.348467E+00  1.432746E+00  1.805260E+02  2.393948E-01
8.811073E+01  1.851469E+03  1.521203E+02  1.778992E+01  1.070690E+00  1.235411E+00  1.750166E+02  2.064225E-01
9.016309E+01  1.826629E+03  1.474503E+02  1.923615E+01  1.126804E+00  1.690205E+00  1.658816E+02  2.824132E-01
9.226326E+01  1.759959E+03  1.456670E+02  1.683193E+01  7.865389E-01  1.101154E+00  1.677687E+02  1.839898E-01
9.441234E+01  1.717823E+03  1.476548E+02  1.967706E+01  1.076089E+00  1.306680E+00  1.577239E+02  2.183306E-01
9.661149E+01  1.697874E+03  1.414394E+02  1.614948E+01  1.051594E+00  1.201822E+00  1.523310E+02  2.008102E-01
9.886186E+01  1.640728E+03  1.329348E+02  1.739677E+01  1.321273E+00  2.055314E+00  1.575252E+02  3.434185E-01
1.011646E+02  1.609191E+03  1.344280E+02  1.463357E+01  1.004265E+00  1.004265E+00  1.403101E+02  1.678007E-01
1.035211E+02  1.589666E+03  1.300362E+02  1.731479E+01  9.814050E-01  9.814050E-01  1.404110E+02  1.639811E-01
1.059324E+02  1.537793E+03  1.196777E+02  1.555056E+01  6.850467E-01  9.590654E-01  1.334471E+02  1.602484E-01
1.083999E+02  1.484379E+03  1.164179E+02  1.519659E+01  6.694532E-01  1.071125E+00  1.302756E+02  1.789722E-01
1.109248E+02  1.460534E+03  1.174315E+02  1.563573E+01  5.233717E-01  1.504694E+00  1.284877E+02  2.514164E-01
1.135086E+02  1.439244E+03  1.146945E+02  1.259466E+01  8.950520E-01  1.022917E+00  1.267138E+02  1.709172E-01
1.161526E+02  1.392737E+03  1.110216E+02  1.274531E+01  6.247701E-01  1.312017E+00  1.217677E+02  2.192224E-01
1.188581E+02  1.350839E+03  1.069681E+02  1.269941E+01  4.273840E-01  1.648481E+00  1.175306E+02  2.754416E-01
1.216267E+02  1.346462E+03  1.115140E+02  1.229101E+01  5.966508E-01  1.014306E+00  1.149746E+02  1.694785E-01
1.244597E+02  1.289633E+03  1.057688E+02  1.107832E+01  5.830693E-01  9.912179E-01  1.086258E+02  1.656207E-01
1.273587E+02  1.271673E+03  1.006831E+02  1.094010E+01  6.267768E-01  7.407362E-01  1.047857E+02  1.237682E-01
1.303253E+02  1.246401E+03  9.516172E+01  1.230587E+01  7.238750E-01  8.352404E-01  9.755607E+01  1.395587E-01
1.333610E+02  1.220206E+03  9.348531E+01  1.017564E+01  7.073976E-01  1.305965E+00  9.196168E+01  2.182112E-01
1.364674E+02  1.182859E+03  9.087873E+01  9.412250E+00  5.317656E-01  1.063531E+00  9.550510E+01  1.777034E-01
1.396461E+02  1.164405E+03  9.099266E+01  1.023732E+01  6.755594E-01  8.314578E-01  9.120052E+01  1.389267E-01
1.428989E+02  1.137138E+03  8.709322E+01  9.090196E+00  5.078322E-01  1.066448E+00  8.206568E+01  1.781907E-01
1.462274E+02  1.094281E+03  8.650030E+01  9.329923E+00  2.481362E-01  7.940360E-01  8.535887E+01  1.326740E-01
1.496335E+02  1.087850E+03  8.074850E+01  1.081496E+01  4.849760E-01  8.729567E-01  8.166995E+01  1.458607E-01
1.531189E+02  1.056405E+03  7.891044E+01  8.625645E+00  4.739366E-01  6.161175E-01  7.824693E+01  1.029459E-01
1.566855E+02  1.015221E+03  7.679001E+01  8.521931E+00  8.799820E-01  6.484078E-01  7.127855E+01  1.083412E-01
1.603352E+02  1.003744E+03  7.164751E+01  8.101646E+00  2.715635E-01  5.883877E-01  7.083282E+01  9.831257E-02
1.640699E+02  9.641328E+02  7.351081E+01  7.696078E+00  1.769213E-01  1.105758E+00  6.957431E+01  1.847590E-01
1.678915E+02  9.586114E+02  6.911442E+01  7.650564E+00  3.890117E-01  7.348000E-01  6.699647E+01  1.227763E-01
1.718022E+02  9.137279E+02  6.754118E+01  6.842822E+00  5.491153E-01  8.870324E-01  6.243019E+01  1.482126E-01
1.758040E+02  9.131552E+02  6.344451E+01  7.471345E+00  6.191722E-01  5.778941E-01  6.348579E+01  9.655922E-02
1.798990E+02  8.804290E+02  6.510641E+01  6.897891E+00  4.437240E-01  4.840625E-01  5.611091E+01  8.088108E-02
1.840894E+02  8.618860E+02  6.224469E+01  6.070730E+00  3.942033E-01  7.095659E-01  5.656817E+01  1.185600E-01
1.883774E+02  8.516667E+02  6.117454E+01  6.086636E+00  1.926150E-01  4.237531E-01  5.061923E+01  7.080410E-02
1.927653E+02  8.253159E+02  5.899147E+01  6.851594E+00  4.141073E-01  1.016445E+00  5.014463E+01  1.698359E-01
1.972553E+02  8.053521E+02  5.408011E+01  5.959849E+00  2.207351E-01  6.254162E-01  4.870889E+01  1.044996E-01
2.018500E+02  7.818790E+02  5.479049E+01  5.464668E+00  2.516624E-01  6.471318E-01  4.684515E+01  1.081280E-01
2.065517E+02  7.613760E+02  5.196230E+01  5.902412E+00  3.162006E-01  6.675346E-01  4.208982E+01  1.115371E-01
2.113629E+02  7.504997E+02  5.163784E+01  5.974058E+00  4.120040E-01  4.120040E-01  4.202441E+01  6.884096E-02
2.162862E+02  7.350938E+02  5.005979E+01  5.502551E+00  4.697299E-01  4.697299E-01  4.039678E+01  7.848628E-02
2.213241E+02  7.138690E+02  4.980558E+01  5.213355E+00  3.278840E-01  2.950956E-01  3.682137E+01  4.930696E-02
2.264794E+02  6.949919E+02  4.617259E+01  4.614054E+00  2.242943E-01  8.010511E-01  3.652793E+01  1.338461E-01
2.317548E+02  6.772619E+02  4.318018E+01  5.103966E+00  2.191887E-01  2.818141E-01  3.234600E+01  4.708778E-02
2.371531E+02  6.646301E+02  4.531847E+01  4.620587E+00  2.141994E-01  4.283988E-01  3.127311E+01  7.158034E-02
2.426771E+02  6.416965E+02  4.135637E+01  4.485506E+00  3.588405E-01  3.289371E-01  2.972395E+01  5.496148E-02
2.483298E+02  6.264761E+02  3.977208E+01  4.061954E+00  2.337815E-01  3.214496E-01  2.971948E+01  5.371040E-02
2.541141E+02  6.091315E+02  3.998050E+01  4.397855E+00  3.712475E-01  3.998050E-01  2.795779E+01  6.680266E-02
2.600332E+02  5.994521E+02  3.948905E+01  3.934951E+00  1.953522E-01  3.627969E-01  2.506089E+01  6.061904E-02
2.660901E+02  5.838160E+02  3.529023E+01  3.599931E+00  1.636332E-01  3.272664E-01  2.519951E+01  5.468232E-02
2.722882E+02  5.726322E+02  3.336757E+01  3.944409E+00  2.132113E-01  3.464683E-01  2.318673E+01  5.789073E-02
2.786306E+02  5.589985E+02  3.432698E+01  3.073281E+00  2.083580E-01  2.864923E-01  2.036700E+01  4.786944E-02
2.851207E+02  5.327846E+02  3.471639E+01  2.926969E+00  1.781633E-01  2.799709E-01  1.967432E+01  4.677980E-02
2.917620E+02  5.269995E+02  3.061810E+01  3.482156E+00  2.487254E-01  3.482156E-01  1.783361E+01  5.818268E-02
2.985580E+02  5.137639E+02  3.026144E+01  2.892459E+00  2.187574E-01  1.944510E-01  1.767074E+01  3.249045E-02
3.055124E+02  5.047533E+02  2.897878E+01  2.327803E+00  7.125929E-02  2.612840E-01  1.615210E+01  4.365745E-02
3.126287E+02  4.908496E+02  2.773883E+01  3.156888E+00  2.089117E-01  2.321241E-01  1.504164E+01  3.878517E-02
3.199107E+02  4.801982E+02  2.651763E+01  2.313771E+00  1.134201E-01  2.041563E-01  1.306600E+01  3.411208E-02
3.273624E+02  4.648562E+02  2.697806E+01  2.482780E+00  2.216768E-02  1.551737E-01  1.276858E+01  2.592769E-02
3.349876E+02  4.557695E+02  2.573574E+01  2.079656E+00  1.083154E-01  1.083154E-01  1.180638E+01  1.809821E-02
3.427905E+02  4.434050E+02  2.527694E+01  2.265187E+00  1.270198E-01  8.467987E-02  1.117774E+01  1.414900E-02
3.507751E+02  4.313879E+02  2.432918E+01  2.089496E+00  1.448166E-01  2.068808E-01  1.038542E+01  3.456732E-02
3.589457E+02  4.216289E+02  2.290605E+01  2.183454E+00  8.086865E-02  2.223888E-01  9.825541E+00  3.715852E-02
3.673066E+02  4.123476E+02  2.171290E+01  1.936182E+00  1.382987E-01  3.951393E-02  9.503100E+00  6.602307E-03
3.758623E+02  3.938098E+02  1.932655E+01  1.563886E+00  9.653620E-02  1.737652E-01  9.113018E+00  2.903409E-02
3.846173E+02  3.896569E+02  1.960360E+01  1.471685E+00  7.547102E-02  1.320743E-01  8.056531E+00  2.206804E-02
3.935762E+02  3.799390E+02  1.821701E+01  1.751636E+00  5.531482E-02  1.475062E-01  7.541253E+00  2.464652E-02
4.027437E+02  3.699211E+02  1.755008E+01  1.351392E+00  1.261300E-01  7.207426E-02  6.396591E+00  1.204275E-02
4.121248E+02  3.588418E+02  1.690408E+01  1.250197E+00  7.043365E-02  7.043365E-02  5.916427E+00  1.176862E-02
4.217245E+02  3.517577E+02  1.614073E+01  1.135701E+00  1.720760E-02  3.441519E-02  5.540846E+00  5.750369E-03
4.315477E+02  3.449110E+02  1.562197E+01  1.378904E+00  5.044771E-02  6.726361E-02  5.717407E+00  1.123895E-02
4.415997E+02  3.338883E+02  1.400102E+01  1.446115E+00  4.929938E-02  1.478981E-01  4.699874E+00  2.471202E-02
4.518859E+02  3.230281E+02  1.368232E+01  8.671894E-01  1.605906E-02  3.211813E-02  4.737424E+00  5.366556E-03
4.624117E+02  3.132425E+02  1.315117E+01  8.474498E-01  1.569351E-02  6.277406E-02  3.687976E+00  1.048880E-02
4.731826E+02  3.058669E+02  1.233037E+01  9.508498E-01  4.600886E-02  7.668143E-02  3.527346E+00  1.281255E-02
4.842045E+02  2.980353E+02  1.198975E+01  8.842442E-01  4.496157E-02  8.992314E-02  3.162297E+00  1.502509E-02
4.954830E+02  2.899037E+02  1.101382E+01  8.934084E-01  4.393812E-02  8.787624E-02  2.724163E+00  1.468307E-02
5.070243E+02  2.803849E+02  1.053411E+01  7.728834E-01  5.725062E-02  1.001886E-01  2.590591E+00  1.674032E-02
5.188344E+02  2.705338E+02  1.019642E+01  6.993430E-01  1.398686E-02  2.797372E-02  2.405740E+00  4.674075E-03
5.309196E+02  2.668634E+02  9.390245E+00  5.194022E-01  6.834240E-02  9.567936E-02  2.200625E+00  1.598688E-02
5.432863E+02  2.569954E+02  8.428486E+00  5.075792E-01  2.671469E-02  6.678674E-02  1.629596E+00  1.115927E-02
5.559411E+02  2.513673E+02  8.667389E+00  5.743451E-01  2.610659E-02  1.305330E-02  1.683875E+00  2.181050E-03
5.688906E+02  2.454287E+02  7.870555E+00  3.954412E-01  0.000000E+00  1.275617E-02  1.632789E+00  2.131404E-03
5.821418E+02  2.373987E+02  6.993315E+00  4.612347E-01  4.986321E-02  2.493160E-02  1.508362E+00  4.165774E-03
5.957016E+02  2.316294E+02  6.968130E+00  3.654614E-01  1.218205E-02  6.091023E-02  9.989277E-01  1.017737E-02
6.095773E+02  2.248331E+02  6.273802E+00  1.904760E-01  1.190475E-02  3.571424E-02  9.761893E-01  5.967425E-03
6.237762E+02  2.160971E+02  6.352035E+00  3.024778E-01  1.163376E-02  5.816881E-02  1.000504E+00  9.719316E-03
6.383058E+02  2.102232E+02  5.241084E+00  1.819031E-01  4.547578E-02  1.136895E-02  8.640399E-01  1.899615E-03
6.531738E+02  2.029492E+02  5.121783E+00  3.221946E-01  1.111016E-02  1.111016E-02  6.666094E-01  1.856375E-03
6.683882E+02  2.003164E+02  4.581763E+00  2.714315E-01  0.000000E+00  2.171452E-02  5.971493E-01  3.628237E-03
6.839570E+02  1.951731E+02  4.562351E+00  2.015922E-01  0.000000E+00  1.061012E-02  5.411160E-01  1.772824E-03
6.998884E+02  1.866348E+02  4.209652E+00  2.281092E-01  2.073720E-02  1.036860E-02  4.147441E-01  1.732470E-03
7.161909E+02  1.819711E+02  4.032768E+00  1.519888E-01  2.026517E-02  3.039775E-02  3.343753E-01  5.079102E-03
7.328731E+02  1.747890E+02  3.950873E+00  1.584310E-01  0.000000E+00  3.960775E-02  4.257833E-01  6.617984E-03
7.499439E+02  1.721747E+02  3.541615E+00  1.838543E-01  0.000000E+00  0.000000E+00  3.386790E-01  0.000000E+00
7.674123E+02  1.650877E+02  3.158397E+00  1.985818E-01  0.000000E+00  0.000000E+00  1.891256E-01  0.000000E+00
7.852877E+02  1.587239E+02  3.169672E+00  1.201333E-01  9.241026E-03  9.241026E-03  1.478564E-01  1.544065E-03
8.035794E+02  1.565648E+02  2.718233E+00  1.444908E-01  0.000000E+00  1.806135E-02  1.354601E-01  3.017836E-03
8.222971E+02  1.504329E+02  2.479856E+00  1.147265E-01  8.825112E-03  0.000000E+00  8.825112E-02  0.000000E+00
8.414509E+02  1.456373E+02  2.380287E+00  1.207392E-01  8.624228E-03  8.624228E-03  4.312114E-02  1.441006E-03
8.610508E+02  1.409485E+02  2.165974E+00  5.899541E-02  0.000000E+00  0.000000E+00  5.899541E-02  0.000000E+00
8.811073E+02  1.359199E+02  1.902533E+00  7.412466E-02  0.000000E+00  8.236073E-03  4.118037E-02  1.376150E-03
9.016309E+02  1.328421E+02  1.746546E+00  6.438878E-02  0.000000E+00  0.000000E+00  4.829159E-02  0.000000E+00
9.226326E+02  1.286935E+02  1.643866E+00  3.932695E-02  7.865389E-03  0.000000E+00  0.000000E+00  0.000000E+00
9.441234E+02  1.248801E+02  1.552643E+00  5.380446E-02  0.000000E+00  1.537270E-02  7.686351E-03  2.568595E-03
9.661149E+02  1.208733E+02  1.464721E+00  3.755694E-02  7.511388E-03  0.000000E+00  2.253416E-02  0.000000E+00
9.886186E+02  1.157803E+02  1.225848E+00  5.138286E-02  7.340408E-03  7.340408E-03  7.340408E-03  1.226495E-03
