# Er [keV]  dR/dEr H1 [1/keV/kg/Myr]  B10  B11  O16  Na23
1.011646E-03  5.059692E+08  2.185235E+05  1.617074E+06  8.391301E+06  9.833556E+05
1.035211E-03  4.886648E+08  1.281296E+05  1.964653E+06  8.969069E+06  1.025036E+06
1.059324E-03  4.817987E+08  1.252130E+05  1.919932E+06  1.037181E+07  1.106048E+06
1.083999E-03  4.708520E+08  8.157519E+04  2.182136E+06  9.319965E+06  9.992960E+05
1.109248E-03  4.606522E+08  2.590845E+05  1.773732E+06  8.649436E+06  1.036338E+06
1.135086E-03  4.440121E+08  1.558074E+05  1.986544E+06  9.017353E+06  1.304887E+06
1.161526E-03  4.421082E+08  1.712934E+05  1.789064E+06  8.602734E+06  1.160988E+06
1.188581E-03  4.292361E+08  2.603911E+05  1.859936E+06  8.518508E+06  9.671669E+05
1.216267E-03  4.183568E+08  2.726399E+05  2.326527E+06  9.542395E+06  7.997436E+05
1.244597E-03  4.121553E+08  1.243358E+05  2.291331E+06  9.183085E+06  1.207833E+06
1.273587E-03  3.989722E+08  2.082952E+05  1.822583E+06  8.817831E+06  9.026127E+05
1.303253E-03  3.939276E+08  1.696282E+05  1.713245E+06  9.125998E+06  1.238286E+06
1.333610E-03  3.817780E+08  1.989204E+05  2.055511E+06  9.697370E+06  1.226676E+06
1.364674E-03  3.711437E+08  1.133956E+05  2.203114E+06  8.456070E+06  1.312149E+06
1.396461E-03  3.620781E+08  1.266450E+05  1.646385E+06  9.482545E+06  1.250619E+06
1.428989E-03  3.578894E+08  1.392325E+05  1.887374E+06  8.864469E+06  1.206682E+06
1.462274E-03  3.492742E+08  1.360632E+05  1.980475E+06  9.433713E+06  1.254805E+06
1.496335E-03  3.381178E+08  2.068360E+05  1.979716E+06  9.041688E+06  1.093276E+06
1.531189E-03  3.311143E+08  5.775081E+04  1.977965E+06  8.864749E+06  1.183892E+06
1.566855E-03  3.222933E+08  1.975268E+05  1.678978E+06  8.733508E+06  1.241597E+06
1.603352E-03  3.178524E+08  1.654548E+05  1.806215E+06  8.879407E+06  9.237892E+05
1.640699E-03  3.057396E+08  2.425329E+05  1.805522E+06  9.068034E+06  9.297093E+05
1.678915E-03  3.037179E+08  2.633468E+05  2.146277E+06  8.861620E+06  1.171893E+06
1.718022E-03  2.946041E+08  1.544114E+05  1.775731E+06  9.251816E+06  1.029409E+06
1.758040E-03  2.891932E+08  2.137701E+05  1.848483E+06  8.890322E+06  1.119149E+06
1.798990E-03  2.806934E+08  1.966156E+05  2.039887E+06  9.118050E+06  9.585012E+05
1.840894E-03  2.752047E+08  2.281664E+05  1.885375E+06  9.294778E+06  9.607006E+05
1.883774E-03  2.700786E+08  1.995019E+05  1.654692E+06  9.071468E+06  1.103128E+06
1.927653E-03  2.620845E+08  2.064289E+05  1.766114E+06  9.163151E+06  8.257158E+05
1.972553E-03  2.582817E+08  1.569011E+05  2.039715E+06  9.548555E+06  9.750285E+05
2.018500E-03  2.534539E+08  2.190423E+05  1.960429E+06  9.287395E+06  1.117116E+06
2.065517E-03  2.452764E+08  1.498394E+05  2.226186E+06  9.075988E+06  7.813056E+05
2.113629E-03  2.410843E+08  2.196430E+05  1.725766E+06  9.141333E+06  7.112250E+05
2.162862E-03  2.391535E+08  1.942011E+05  1.911348E+06  8.718607E+06  6.950355E+05
2.213241E-03  2.330805E+08  2.297343E+05  1.867840E+06  9.688796E+06  7.091799E+05
2.264794E-03  2.234605E+08  2.537882E+05  1.708190E+06  9.194942E+06  8.980198E+05
2.317548E-03  2.209017E+08  2.003168E+05  1.850546E+06  9.014256E+06  8.203450E+05
2.371531E-03  2.166751E+08  2.050788E+05  1.808422E+06  8.417552E+06  5.965929E+05
2.426771E-03  2.094473E+08  1.184245E+05  1.894791E+06  8.362589E+06  7.378755E+05
2.483298E-03  2.032554E+08  1.424354E+05  1.940683E+06  8.083211E+06  7.210794E+05
2.541141E-03  2.004817E+08  2.348885E+05  1.853010E+06  7.968811E+06  6.872665E+05
2.600332E-03  1.957482E+08  1.785325E+05  1.912849E+06  7.829927E+06  7.991456E+05
2.660901E-03  1.934774E+08  2.243168E+05  1.910847E+06  8.067098E+06  5.566380E+05
2.722882E-03  1.871979E+08  2.029729E+05  1.802399E+06  7.648019E+06  7.063457E+05
2.786306E-03  1.817942E+08  2.062868E+05  1.824845E+06  7.029619E+06  6.109263E+05
2.851207E-03  1.800441E+08  2.868797E+05  1.822074E+06  7.241774E+06  7.055690E+05
2.917620E-03  1.743926E+08  1.742713E+05  1.689674E+06  6.410154E+06  5.455450E+05
2.985580E-03  1.689642E+08  1.999226E+05  1.999226E+06  6.612254E+06  6.590041E+05
3.055124E-03  1.676218E+08  2.026078E+05  1.714930E+06  6.707765E+06  6.150593E+05
3.126287E-03  1.636719E+08  1.767820E+05  1.640537E+06  6.236870E+06  5.444886E+05
3.199107E-03  1.581634E+08  1.520270E+05  1.755221E+06  6.005067E+06  6.011977E+05
3.273624E-03  1.550561E+08  2.025906E+05  1.823316E+06  6.354592E+06  5.605007E+05
3.349876E-03  1.520875E+08  2.177770E+05  1.676223E+06  6.124153E+06  5.543415E+05
3.427905E-03  1.498574E+08  2.192689E+05  1.857336E+06  5.610704E+06  4.062923E+05
3.507751E-03  1.447068E+08  1.953709E+05  1.518851E+06  5.924148E+06  5.104851E+05
3.589457E-03  1.421642E+08  1.416530E+05  1.478119E+06  5.690757E+06  4.003238E+05
3.673066E-03  1.369962E+08  1.625032E+05  1.673181E+06  5.597331E+06  4.875095E+05
3.758623E-03  1.356070E+08  2.235021E+05  1.505699E+06  5.111141E+06  4.646492E+05
3.846173E-03  1.332904E+08  1.839281E+05  1.534650E+06  5.264942E+06  4.770635E+05
3.935762E-03  1.300597E+08  1.628906E+05  1.432314E+06  5.611301E+06  3.763335E+05
4.027437E-03  1.274340E+08  1.701609E+05  1.591828E+06  4.654724E+06  4.116796E+05
4.121248E-03  1.220068E+08  1.716517E+05  1.410762E+06  4.988627E+06  4.398574E+05
4.217245E-03  1.222752E+08  1.467764E+05  1.493974E+06  4.723054E+06  4.298451E+05
4.315477E-03  1.178782E+08  1.588034E+05  1.280673E+06  4.385023E+06  4.866556E+05
4.415997E-03  1.171123E+08  1.852251E+05  1.251521E+06  4.830870E+06  4.004867E+05
4.518859E-03  1.121374E+08  1.223033E+05  1.394257E+06  4.442055E+06  4.158311E+05
4.624117E-03  1.087578E+08  1.625463E+05  1.271685E+06  4.321818E+06  3.824618E+05
4.731826E-03  1.074268E+08  1.074548E+05  1.196019E+06  4.298193E+06  3.457242E+05
4.842045E-03  1.042555E+08  1.095745E+05  1.241844E+06  3.958377E+06  3.606826E+05
4.954830E-03  1.024936E+08  1.383120E+05  1.258193E+06  4.069049E+06  3.970892E+05
5.070243E-03  1.010806E+08  1.482440E+05  1.255714E+06  4.172631E+06  3.095683E+05
5.188344E-03  9.750144E+07  1.278260E+05  1.163217E+06  3.992433E+06  3.280868E+05
5.309196E-03  9.543610E+07  1.623913E+05  1.174214E+06  3.822441E+06  3.414381E+05
5.432863E-03  9.416705E+07  1.464875E+05  1.053896E+06  3.796468E+06  3.336660E+05
5.559411E-03  9.080675E+07  9.145889E+04  1.029907E+06  3.733909E+06  2.902826E+05
5.688906E-03  8.918662E+07  1.282366E+05  1.204647E+06  3.524564E+06  3.575081E+05
5.821418E-03  8.720585E+07  1.405076E+05  1.013933E+06  3.524082E+06  3.645602E+05
5.957016E-03  8.661987E+07  1.113318E+05  1.050230E+06  3.514375E+06  3.302844E+05
6.095773E-03  8.356744E+07  8.341150E+04  9.429126E+05  3.492403E+06  2.901269E+05
6.237762E-03  8.188140E+07  1.134091E+05  9.816979E+05  3.409362E+06  2.516265E+05
6.383058E-03  8.005218E+07  1.073643E+05  9.697418E+05  3.231318E+06  2.562889E+05
6.531738E-03  7.831797E+07  1.150739E+05  8.867463E+05  3.235609E+06  3.046075E+05
6.683882E-03  7.619457E+07  1.058396E+05  8.698689E+05  3.148727E+06  2.216016E+05
6.839570E-03  7.398180E+07  9.373377E+04  8.791581E+05  3.054428E+06  2.262539E+05
6.998884E-03  7.274629E+07  9.791738E+04  8.244011E+05  3.019646E+06  2.526900E+05
7.161909E-03  7.200097E+07  8.025488E+04  8.303293E+05  2.892262E+06  2.469381E+05
7.328731E-03  6.957775E+07  6.334573E+04  7.601488E+05  2.959151E+06  2.563994E+05
7.499439E-03  6.795564E+07  7.959061E+04  7.428457E+05  2.753246E+06  2.446674E+05
7.674123E-03  6.655570E+07  7.489821E+04  7.172944E+05  2.759711E+06  2.851893E+05
7.852877E-03  6.430877E+07  8.163870E+04  7.291180E+05  2.708153E+06  2.055043E+05
8.035794E-03  6.370050E+07  1.072909E+05  7.400318E+05  2.508955E+06  2.778558E+05
8.222971E-03  6.152463E+07  1.048486E+05  7.635130E+05  2.470663E+06  2.285162E+05
8.414509E-03  6.078096E+07  6.305352E+04  7.356244E+05  2.396034E+06  2.285690E+05
8.610508E-03  5.947188E+07  7.959023E+04  6.392893E+05  2.513511E+06  2.079616E+05
8.811073E-03  5.803784E+07  1.003594E+05  6.247373E+05  2.368482E+06  2.107547E+05
9.016309E-03  5.599589E+07  6.129684E+04  6.448428E+05  2.304761E+06  2.746098E+05
9.226326E-03  5.443853E+07  9.105036E+04  6.349565E+05  2.254694E+06  2.012692E+05
9.441234E-03  5.325087E+07  7.024563E+04  6.017709E+05  2.198688E+06  2.154199E+05
9.661149E-03  5.234993E+07  8.008776E+04  6.223963E+05  2.194405E+06  2.082282E+05
9.886186E-03  5.168827E+07  8.050087E+04  5.679784E+05  2.133273E+06  1.923076E+05
1.011646E-02  4.973157E+07  6.774227E+04  6.664966E+05  2.023527E+06  1.944859E+05
1.035211E-02  4.851839E+07  5.979379E+04  5.893960E+05  2.154712E+06  1.900588E+05
1.059324E-02  4.772701E+07  7.304090E+04  5.885010E+05  1.936627E+06  1.752982E+05
1.083999E-02  4.734624E+07  4.690573E+04  5.139237E+05  1.963923E+06  1.692685E+05
1.109248E-02  4.542349E+07  5.580282E+04  5.580282E+05  1.895303E+06  1.594366E+05
1.135086E-02  4.454533E+07  6.816574E+04  5.316927E+05  1.797628E+06  1.538598E+05
1.161526E-02  4.362462E+07  6.090431E+04  4.929443E+05  1.745289E+06  1.427445E+05
1.188581E-02  4.270972E+07  4.277854E+04  5.059027E+05  1.660923E+06  1.376353E+05
1.216267E-02  4.167573E+07  4.907517E+04  4.725757E+05  1.735807E+06  1.563135E+05
1.244597E-02  4.057076E+07  6.039166E+04  4.511613E+05  1.664323E+06  1.278882E+05
1.273587E-02  3.929316E+07  5.207381E+04  4.582495E+05  1.657683E+06  1.267129E+05
1.303253E-02  3.861247E+07  5.597731E+04  4.105003E+05  1.662356E+06  1.441840E+05
1.333610E-02  3.811315E+07  6.299146E+04  4.674629E+05  1.616228E+06  1.359289E+05
1.364674E-02  3.747886E+07  6.479747E+04  4.001244E+05  1.592398E+06  1.490342E+05
1.396461E-02  3.610649E+07  5.224106E+04  4.036810E+05  1.546652E+06  1.313942E+05
1.428989E-02  3.566208E+07  5.105191E+04  4.207915E+05  1.485147E+06  1.376855E+05
1.462274E-02  3.477775E+07  4.988983E+04  3.991186E+05  1.498207E+06  1.436222E+05
1.496335E-02  3.344095E+07  4.284460E+04  4.181042E+05  1.430123E+06  1.388756E+05
1.531189E-02  3.334532E+07  4.186934E+04  3.854866E+05  1.381688E+06  1.299393E+05
1.566855E-02  3.204309E+07  3.950537E+04  3.992864E+05  1.306499E+06  1.608433E+05
1.603352E-02  3.149845E+07  3.584854E+04  3.612429E+05  1.347078E+06  1.158183E+05
1.640699E-02  3.115335E+07  4.446436E+04  3.570623E+05  1.278687E+06  1.266560E+05
1.678915E-02  3.017955E+07  4.476896E+04  4.042374E+05  1.298300E+06  1.119224E+05
1.718022E-02  2.957364E+07  3.860285E+04  3.487124E+05  1.227571E+06  1.196688E+05
1.758040E-02  2.880364E+07  2.640690E+04  3.596368E+05  1.184538E+06  1.094000E+05
1.798990E-02  2.783709E+07  3.932313E+04  3.317889E+05  1.166177E+06  1.081386E+05
1.840894E-02  2.746523E+07  3.362452E+04  3.158303E+05  1.134828E+06  8.886481E+04
1.883774E-02  2.693980E+07  3.990038E+04  3.285913E+05  1.173540E+06  1.032716E+05
1.927653E-02  2.600202E+07  4.243262E+04  3.268458E+05  1.133066E+06  8.715889E+04
1.972553E-02  2.581584E+07  3.362167E+04  2.801806E+05  1.062445E+06  1.064686E+05
2.018500E-02  2.519535E+07  3.942762E+04  3.143258E+05  1.052498E+06  9.418821E+04
2.065517E-02  2.443453E+07  3.103817E+04  3.050303E+05  1.023189E+06  1.070282E+05
2.113629E-02  2.371412E+07  2.510206E+04  2.416073E+05  9.821180E+05  9.204088E+04
2.162862E-02  2.337670E+07  2.350855E+04  2.647268E+05  1.008824E+06  9.301210E+04
2.213241E-02  2.281162E+07  3.296188E+04  2.916627E+05  9.888565E+05  8.689951E+04
2.264794E-02  2.240657E+07  2.049828E+04  2.528121E+05  9.331597E+05  8.394533E+04
2.317548E-02  2.169336E+07  2.575502E+04  2.565963E+05  9.262267E+05  9.920451E+04
2.371531E-02  2.113057E+07  2.050788E+04  2.656703E+05  1.003954E+06  8.016717E+04
2.426771E-02  2.068602E+07  2.550681E+04  2.769311E+05  9.300875E+05  8.745191E+04
2.483298E-02  2.011901E+07  2.759687E+04  2.670665E+05  9.160379E+05  8.190038E+04
2.541141E-02  1.983155E+07  2.870860E+04  2.253190E+05  8.821370E+05  9.047559E+04
2.600332E-02  1.950170E+07  2.890527E+04  2.380434E+05  8.722590E+05  6.461177E+04
2.660901E-02  1.895477E+07  3.738614E+04  2.259784E+05  8.432651E+05  6.812585E+04
2.722882E-02  1.842426E+07  2.841621E+04  2.127156E+05  8.200106E+05  7.063457E+04
2.786306E-02  1.793108E+07  2.935620E+04  2.205682E+05  7.743689E+05  7.220038E+04
2.851207E-02  1.760666E+07  2.015911E+04  2.217502E+05  7.621696E+05  8.994066E+04
2.917620E-02  1.749760E+07  2.803495E+04  2.159449E+05  7.652784E+05  6.895083E+04
2.985580E-02  1.704525E+07  1.925180E+04  2.132508E+05  7.671103E+05  7.404540E+04
3.055124E-02  1.655450E+07  2.243158E+04  1.932010E+05  7.605028E+05  6.222953E+04
3.126287E-02  1.607868E+07  2.969938E+04  1.944602E+05  7.106637E+05  5.869163E+04
3.199107E-02  1.589857E+07  2.073096E+04  1.886517E+05  6.785933E+05  6.150184E+04
3.273624E-02  1.551642E+07  2.025906E+04  1.951623E+05  7.070413E+05  6.753021E+04
3.349876E-02  1.511966E+07  2.243763E+04  2.045784E+05  6.539909E+05  6.995261E+04
3.427905E-02  1.463555E+07  2.257180E+04  1.896031E+05  6.558719E+05  5.933158E+04
3.507751E-02  1.455765E+07  2.079754E+04  1.878081E+05  6.730841E+05  6.491354E+04
3.589457E-02  1.414806E+07  1.478119E+04  1.847648E+05  6.275846E+05  6.097240E+04
3.673066E-02  1.376342E+07  2.226895E+04  1.739386E+05  5.928356E+05  5.717704E+04
3.758623E-02  1.339013E+07  2.940818E+04  1.764491E+05  6.305113E+05  5.705186E+04
3.846173E-02  1.305027E+07  1.896758E+04  1.534650E+05  5.983411E+05  5.517843E+04
3.935762E-02  1.288689E+07  1.235722E+04  1.567120E+05  5.661853E+05  5.055226E+04
4.027437E-02  1.258916E+07  1.976062E+04  1.597317E+05  5.703135E+05  5.818405E+04
4.121248E-02  1.225968E+07  1.501952E+04  1.442947E+05  5.632321E+05  4.774062E+04
4.217245E-02  1.209332E+07  1.677444E+04  1.436312E+05  5.215803E+05  5.451693E+04
4.315477E-02  1.182419E+07  1.280673E+04  1.280673E+05  5.404438E+05  5.327598E+04
4.415997E-02  1.142488E+07  1.351643E+04  1.336624E+05  5.301442E+05  4.605597E+04
4.518859E-02  1.122255E+07  1.614403E+04  1.443179E+05  5.293286E+05  4.696446E+04
4.624117E-02  1.090303E+07  1.338616E+04  1.395986E+05  4.972003E+05  4.015849E+04
4.731826E-02  1.066466E+07  1.541743E+04  1.331505E+05  4.914890E+05  4.064596E+04
4.842045E-02  1.038720E+07  1.415337E+04  1.269237E+05  4.844104E+05  4.474290E+04
4.954830E-02  1.008160E+07  2.007754E+04  1.400966E+05  4.894459E+05  4.193976E+04
5.070243E-02  9.908800E+06  1.569642E+04  1.229553E+05  4.739446E+05  4.883330E+04
5.188344E-02  9.733953E+06  9.373910E+03  1.141913E+05  4.243825E+05  4.857390E+04
5.309196E-02  9.605236E+06  1.707190E+04  1.186705E+05  4.317942E+05  4.538628E+04
5.432863E-02  9.260859E+06  1.139347E+04  1.200384E+05  4.183032E+05  4.313243E+04
5.559411E-02  9.157818E+06  1.033883E+04  1.169083E+05  4.079862E+05  4.175297E+04
5.688906E-02  8.899232E+06  1.282366E+04  1.095840E+05  4.115229E+05  3.652800E+04
5.821418E-02  8.701218E+06  1.291151E+04  9.949457E+04  4.207633E+05  4.405103E+04
5.957016E-02  8.514658E+06  1.558646E+04  1.053941E+05  4.193499E+05  4.156388E+04
6.095773E-02  8.404252E+06  1.269305E+04  1.011818E+05  3.891328E+05  4.460702E+04
6.237762E-02  8.171483E+06  1.275853E+04  1.045491E+05  3.728325E+05  3.437715E+04
6.383058E-02  7.854562E+06  1.142910E+04  1.056326E+05  3.570728E+05  3.775066E+04
6.531738E-02  7.723154E+06  6.769056E+03  1.042435E+05  3.624829E+05  4.399886E+04
6.683882E-02  7.533462E+06  8.599465E+03  1.005476E+05  3.608468E+05  3.869759E+04
6.839570E-02  7.425007E+06  1.228236E+04  9.825885E+04  3.862478E+05  3.264521E+04
6.998884E-02  7.195664E+06  1.105519E+04  8.559874E+04  3.509232E+05  3.916695E+04
7.161909E-02  7.084036E+06  1.111221E+04  8.735435E+04  3.355271E+05  3.364531E+04
7.328731E-02  6.910115E+06  9.351037E+03  9.743177E+04  3.296995E+05  3.408604E+04
7.499439E-02  6.788195E+06  1.297032E+04  8.076973E+04  3.363440E+05  3.507883E+04
7.674123E-02  6.601701E+06  8.642101E+03  8.958978E+04  3.266714E+05  3.514454E+04
7.852877E-02  6.409764E+06  9.008408E+03  8.332778E+04  3.212061E+05  3.321851E+04
8.035794E-02  6.233048E+06  8.803352E+03  8.610778E+04  3.042658E+05  3.136194E+04
8.222971E-02  6.124503E+06  8.065278E+03  7.742667E+04  3.019102E+05  2.795963E+04
8.414509E-02  6.037637E+06  6.830798E+03  8.039324E+04  3.121149E+05  2.995042E+04
8.610508E-02  5.889677E+06  8.985994E+03  7.471212E+04  2.947406E+05  3.183609E+04
8.811073E-02  5.711955E+06  9.785042E+03  7.727674E+04  2.915441E+05  2.960602E+04
9.016309E-02  5.611113E+06  5.639309E+03  7.453696E+04  2.817203E+05  3.162917E+04
9.226326E-02  5.440738E+06  9.584249E+03  7.379871E+04  2.664421E+05  2.659629E+04
9.441234E-02  5.337263E+06  9.834389E+03  6.930903E+04  2.491378E+05  2.926901E+04
9.661149E-02  5.247350E+06  7.779953E+03  6.246845E+04  2.613149E+05  2.883159E+04
9.886186E-02  5.082959E+06  9.838995E+03  7.312162E+04  2.582736E+05  2.571556E+04
1.011646E-01  4.962231E+06  5.900134E+03  5.943838E+04  2.707506E+05  2.185235E+04
1.035211E-01  4.842443E+06  4.484535E+03  6.940351E+04  2.571133E+05  2.327687E+04
1.059324E-01  4.775205E+06  5.634584E+03  6.427599E+04  2.552258E+05  2.462522E+04
1.083999E-01  4.647134E+06  6.526015E+03  6.036564E+04  2.367720E+05  2.590012E+04
1.109248E-01  4.513252E+06  7.772535E+03  5.480634E+04  2.297880E+05  2.351690E+04
1.135086E-01  4.468167E+06  8.569407E+03  5.901205E+04  2.307897E+05  2.609774E+04
1.161526E-01  4.319638E+06  6.280757E+03  5.538486E+04  2.287718E+05  2.493270E+04
1.188581E-01  4.198062E+06  8.369714E+03  5.486812E+04  2.233784E+05  2.324920E+04
1.216267E-01  4.104139E+06  5.452797E+03  5.798141E+04  2.264728E+05  1.999359E+04
1.244597E-01  4.041090E+06  6.216789E+03  5.737208E+04  2.198967E+05  2.486716E+04
1.273587E-01  3.912132E+06  6.769595E+03  5.137949E+04  2.067330E+05  2.065594E+04
1.303253E-01  3.877192E+06  6.445872E+03  5.241512E+04  2.161063E+05  2.137315E+04
1.333610E-01  3.790594E+06  6.630680E+03  5.205084E+04  1.979258E+05  2.022357E+04
1.364674E-01  3.704472E+06  5.831773E+03  5.361991E+04  2.028161E+05  2.251712E+04
1.396461E-01  3.642469E+06  6.173944E+03  5.002478E+04  2.073812E+05  2.042151E+04
1.428989E-01  3.563888E+06  5.414597E+03  5.074251E+04  1.935332E+05  2.119428E+04
1.462274E-01  3.467646E+06  6.651977E+03  5.019219E+04  1.907908E+05  1.738585E+04
1.496335E-01  3.391519E+06  5.170900E+03  4.314008E+04  1.817202E+05  1.861524E+04
1.531189E-01  3.265808E+06  4.331311E+03  5.082071E+04  1.885564E+05  2.180093E+04
1.566855E-01  3.242826E+06  4.938171E+03  4.754753E+04  1.876505E+05  2.201013E+04
1.603352E-01  3.151362E+06  6.066675E+03  4.412128E+04  1.831033E+05  1.778639E+04
1.640699E-01  3.088386E+06  5.793841E+03  4.163481E+04  1.744889E+05  1.684256E+04
1.678915E-01  3.016506E+06  4.081876E+03  4.595402E+04  1.677519E+05  1.461575E+04
1.718022E-01  2.934974E+06  4.374989E+03  4.027564E+04  1.683084E+05  1.891539E+04
1.758040E-01  2.894447E+06  3.646667E+03  4.438874E+04  1.681239E+05  1.722736E+04
1.798990E-01  2.818608E+06  4.178082E+03  3.846293E+04  1.644198E+05  1.634368E+04
1.840894E-01  2.736316E+06  4.563328E+03  4.203065E+04  1.563540E+05  1.837340E+04
1.883774E-01  2.674733E+06  4.107392E+03  4.119127E+04  1.505652E+05  1.455190E+04
1.927653E-01  2.601349E+06  4.243262E+03  4.059769E+04  1.487435E+05  1.571154E+04
1.972553E-01  2.569929E+06  4.707034E+03  3.664762E+04  1.517458E+05  1.569011E+04
2.018500E-01  2.531582E+06  4.271326E+03  3.603247E+04  1.453346E+05  1.631865E+04
2.065517E-01  2.445058E+06  4.067070E+03  3.713877E+04  1.469497E+05  1.498394E+04
2.113629E-01  2.393377E+06  3.974492E+03  3.744390E+04  1.404669E+05  1.328317E+04
2.162862E-01  2.349527E+06  2.861911E+03  3.771590E+04  1.420734E+05  1.390071E+04
2.213241E-01  2.326410E+06  3.096419E+03  3.136373E+04  1.422355E+05  1.288510E+04
2.264794E-01  2.229529E+06  3.513990E+03  3.426141E+04  1.376313E+05  1.512968E+04
2.317548E-01  2.192992E+06  3.815558E+03  3.233685E+04  1.282028E+05  1.268673E+04
2.371531E-01  2.136455E+06  3.449052E+03  3.383800E+04  1.246320E+05  1.286403E+04
2.426771E-01  2.082813E+06  3.734925E+03  2.997050E+04  1.255299E+05  1.393765E+04
2.483298E-01  2.047955E+06  4.184041E+03  3.249308E+04  1.287260E+05  1.326430E+04
2.541141E-01  1.979414E+06  3.305839E+03  2.914358E+04  1.270138E+05  1.287537E+04
2.600332E-01  1.961392E+06  3.060558E+03  3.052056E+04  1.244627E+05  1.309239E+04
2.660901E-01  1.917992E+06  3.738614E+03  3.497681E+04  1.165617E+05  1.354209E+04
2.722882E-01  1.872141E+06  2.922810E+03  2.979642E+04  1.227580E+05  1.420810E+04
2.786306E-01  1.811833E+06  3.411666E+03  2.927686E+04  1.141718E+05  1.324996E+04
2.851207E-01  1.770280E+06  3.101402E+03  2.713727E+04  1.092469E+05  1.302589E+04
2.917620E-01  1.720588E+06  3.030806E+03  2.583762E+04  1.105486E+05  1.401748E+04
2.985580E-01  1.694159E+06  3.406088E+03  2.828534E+04  1.064032E+05  1.295794E+04
3.055124E-01  1.644669E+06  2.243158E+03  2.648373E+04  1.077439E+05  1.208411E+04
3.126287E-01  1.604049E+06  2.474948E+03  2.411307E+04  1.050792E+05  1.187975E+04
3.199107E-01  1.566086E+06  1.934889E+03  2.625921E+04  1.010980E+05  1.064189E+04
3.273624E-01  1.543808E+06  2.768738E+03  2.302780E+04  9.967459E+04  9.724350E+03
3.349876E-01  1.513286E+06  2.375749E+03  2.349352E+04  9.786767E+04  1.121882E+04
3.427905E-01  1.477743E+06  2.515143E+03  2.199138E+04  9.680076E+04  1.051201E+04
3.507751E-01  1.449778E+06  2.520914E+03  2.300334E+04  1.001433E+05  1.191132E+04
3.589457E-01  1.400579E+06  2.709884E+03  2.340355E+04  9.238242E+04  9.915713E+03
3.673066E-01  1.362138E+06  3.250063E+03  2.250970E+04  9.346942E+04  8.486277E+03
3.758623E-01  1.345365E+06  2.352654E+03  2.317364E+04  8.828334E+04  1.029286E+04
3.846173E-01  1.313534E+06  2.529011E+03  2.166903E+04  9.276873E+04  9.771180E+03
3.935762E-01  1.296160E+06  2.246767E+03  2.044558E+04  9.032004E+04  9.099407E+03
4.027437E-01  1.256281E+06  1.701609E+03  1.937639E+04  8.508045E+04  1.004498E+04
4.121248E-01  1.226344E+06  1.662876E+03  1.968630E+04  8.432389E+04  7.509761E+03
4.217245E-01  1.191667E+06  1.991965E+03  1.939545E+04  8.287622E+04  9.225943E+03
4.315477E-01  1.168383E+06  2.971160E+03  1.921009E+04  8.303881E+04  9.630657E+03
4.415997E-01  1.147795E+06  1.802190E+03  1.937354E+04  7.944654E+04  8.960889E+03
4.518859E-01  1.130327E+06  2.201459E+03  2.049803E+04  8.023095E+04  9.392892E+03
4.624117E-01  1.078590E+06  1.912309E+03  1.816694E+04  8.079506E+04  7.458005E+03
4.731826E-01  1.079921E+06  1.681902E+03  1.920171E+04  7.942313E+04  7.568557E+03
4.842045E-01  1.031689E+06  2.282801E+03  1.849069E+04  7.606293E+04  8.263740E+03
4.954830E-01  1.020118E+06  2.320072E+03  1.726669E+04  7.584850E+04  7.941784E+03
5.070243E-01  9.927549E+05  2.005654E+03  1.739686E+04  7.425278E+04  7.630204E+03
5.188344E-01  9.796588E+05  2.300869E+03  1.674521E+04  7.298867E+04  8.393910E+03
5.309196E-01  9.436599E+05  1.957023E+03  1.590602E+04  6.932858E+04  7.120233E+03
5.432863E-01  9.407346E+05  2.115931E+03  1.505566E+04  6.836084E+04  7.934740E+03
5.559411E-01  9.089025E+05  1.630354E+03  1.642284E+04  7.101981E+04  6.600946E+03
5.688906E-01  8.864647E+05  1.942979E+03  1.639874E+04  6.633330E+04  7.966213E+03
5.821418E-01  8.682230E+05  2.240527E+03  1.587356E+04  6.577275E+04  8.012730E+03
5.957016E-01  8.437468E+05  1.595756E+03  1.469580E+04  6.535178E+04  7.236569E+03
6.095773E-01  8.379954E+05  1.160508E+03  1.610205E+04  6.400926E+04  7.180642E+03
6.237762E-01  8.163332E+05  1.559376E+03  1.445967E+04  6.251679E+04  6.131182E+03
6.383058E-01  7.900279E+05  1.489246E+03  1.437296E+04  6.254835E+04  7.030628E+03
6.531738E-01  7.748876E+05  2.030717E+03  1.377503E+04  5.983845E+04  6.904437E+03
6.683882E-01  7.510310E+05  1.918342E+03  1.270075E+04  6.059315E+04  6.846497E+03
6.839570E-01  7.358747E+05  1.389846E+03  1.406007E+04  5.908460E+04  6.270466E+03
6.998884E-01  7.204508E+05  1.137105E+03  1.383478E+04  5.717111E+04  7.012148E+03
7.161909E-01  7.094222E+05  1.419894E+03  1.333466E+04  5.769091E+04  5.710443E+03
7.328731E-01  6.791266E+05  1.840043E+03  1.294063E+04  5.758429E+04  6.394903E+03
7.499439E-01  6.759306E+05  1.414944E+03  1.314719E+04  5.583134E+04  5.895601E+03
7.674123E-01  6.580096E+05  1.008245E+03  1.267508E+04  5.458927E+04  6.856067E+03
7.852877E-01  6.467756E+05  1.041597E+03  1.348446E+04  5.551432E+04  5.489499E+03
8.035794E-01  6.269362E+05  1.403034E+03  1.188452E+04  5.177471E+04  6.492472E+03
8.222971E-01  6.176390E+05  1.344213E+03  1.236676E+04  4.938638E+04  5.645695E+03
8.414509E-01  6.021611E+05  1.444976E+03  1.284715E+04  4.952328E+04  5.806178E+03
8.610508E-01  5.896096E+05  1.052645E+03  1.168179E+04  4.806223E+04  6.341544E+03
8.811073E-01  5.674572E+05  1.028684E+03  1.091409E+04  4.872449E+04  5.544857E+03
9.016309E-01  5.656227E+05  1.078824E+03  1.162188E+04  4.771346E+04  5.541234E+03
9.226326E-01  5.508307E+05  1.030307E+03  1.140526E+04  4.741807E+04  4.672321E+03
9.441234E-01  5.289028E+05  1.194176E+03  1.119247E+04  4.727531E+04  5.081101E+03
9.661149E-01  5.217145E+05  9.152886E+02  9.816471E+03  4.748060E+04  4.782383E+03
9.886186E-01  5.103979E+05  1.229874E+03  9.995525E+03  4.537119E+04  4.651161E+03
1.011646E+00  5.002658E+05  9.177986E+02  9.877261E+03  4.473175E+04  5.200858E+03
1.035211E+00  4.891132E+05  1.110456E+03  1.014359E+04  4.305153E+04  5.466861E+03
1.059324E+00  4.791066E+05  1.231261E+03  9.912694E+03  4.202982E+04  4.278110E+03
1.083999E+00  4.637549E+05  1.121659E+03  9.625872E+03  4.186846E+04  4.527423E+03
1.109248E+00  4.577625E+05  1.135986E+03  9.944859E+03  4.129408E+04  4.783098E+03
1.135086E+00  4.468751E+05  9.737962E+02  9.173160E+03  3.914661E+04  4.985837E+03
1.161526E+00  4.353136E+05  1.065826E+03  9.535332E+03  3.777971E+04  4.149106E+03
1.188581E+00  4.227449E+05  1.022965E+03  8.816098E+03  3.905866E+04  4.501046E+03
1.216267E+00  4.149942E+05  1.145087E+03  8.488187E+03  4.016894E+04  4.798461E+03
1.244597E+00  4.052814E+05  8.525882E+02  8.490357E+03  3.603961E+04  4.333990E+03
1.273587E+00  3.969586E+05  9.199706E+02  9.043485E+03  3.763200E+04  4.217978E+03
1.303253E+00  3.826304E+05  6.445872E+02  8.125191E+03  3.648703E+04  3.833598E+03
1.333610E+00  3.766226E+05  7.791049E+02  8.039700E+03  3.676712E+04  4.127598E+03
1.364674E+00  3.706091E+05  8.585665E+02  7.743298E+03  3.573581E+04  3.823051E+03
1.396461E+00  3.616032E+05  8.706844E+02  8.136942E+03  3.584054E+04  4.084301E+03
1.428989E+00  3.514537E+05  8.818058E+02  7.998133E+03  3.383349E+04  3.960391E+03
1.462274E+00  3.420175E+05  9.826785E+02  7.392766E+03  3.406115E+04  3.855123E+03
1.496335E+00  3.358721E+05  7.977960E+02  7.076746E+03  3.310853E+04  3.649178E+03
1.531189E+00  3.312442E+05  7.940736E+02  7.016723E+03  3.320672E+04  3.609426E+03
1.566855E+00  3.175244E+05  6.913439E+02  7.407256E+03  3.229564E+04  3.527265E+03
1.603352E+00  3.157567E+05  5.515159E+02  7.004252E+03  3.169838E+04  3.653793E+03
1.640699E+00  3.082593E+05  7.141245E+02  6.696602E+03  3.099031E+04  3.408934E+03
1.678915E+00  2.997545E+05  6.715344E+02  7.347376E+03  2.990303E+04  3.594684E+03
1.718022E+00  2.912070E+05  7.463217E+02  6.781233E+03  2.891353E+04  3.229772E+03
1.758040E+00  2.870052E+05  6.035862E+02  7.280759E+03  2.885897E+04  3.445471E+03
1.798990E+00  2.810252E+05  6.021354E+02  6.906124E+03  2.977498E+04  3.158139E+03
1.840894E+00  2.753008E+05  6.244554E+02  6.388659E+03  2.872495E+04  2.870093E+03
1.883774E+00  2.683535E+05  6.454473E+02  6.196294E+03  2.814150E+04  3.015999E+03
1.927653E+00  2.639194E+05  5.619455E+02  6.066717E+03  2.712247E+04  3.211117E+03
1.972553E+00  2.560290E+05  8.629563E+02  6.040694E+03  2.718873E+04  2.969915E+03
2.018500E+00  2.488650E+05  6.242707E+02  5.881287E+03  2.694221E+04  3.154210E+03
2.065517E+00  2.437673E+05  7.384943E+02  5.651087E+03  2.525865E+04  3.189439E+03
2.113629E+00  2.373400E+05  6.170922E+02  6.045412E+03  2.515435E+04  2.761226E+03
2.162862E+00  2.328573E+05  4.906133E+02  5.856696E+03  2.475553E+04  3.035670E+03
2.213241E+00  2.263982E+05  6.692261E+02  5.893185E+03  2.431189E+04  2.866685E+03
2.264794E+00  2.223673E+05  5.954262E+02  5.983545E+03  2.434415E+04  2.742865E+03
2.317548E+00  2.148732E+05  5.055614E+02  5.093770E+03  2.314136E+04  2.842591E+03
2.371531E+00  2.104202E+05  5.593058E+02  5.164257E+03  2.344424E+04  2.712633E+03
2.426771E+00  2.087368E+05  5.192457E+02  5.547731E+03  2.284681E+04  2.286503E+03
2.483298E+00  2.032643E+05  5.341329E+02  5.127676E+03  2.239797E+04  2.501522E+03
2.541141E+00  1.987070E+05  4.523779E+02  5.150149E+03  2.178374E+04  2.409783E+03
2.600332E+00  1.932232E+05  6.291147E+02  5.015914E+03  2.178947E+04  2.669486E+03
2.660901E+00  1.909684E+05  5.981782E+02  5.051283E+03  2.108578E+04  2.268092E+03
2.722882E+00  1.862317E+05  4.384215E+02  4.619664E+03  2.026482E+04  2.378843E+03
2.786306E+00  1.801122E+05  4.284418E+02  4.784267E+03  2.066835E+04  2.134275E+03
2.851207E+00  1.770823E+05  4.497033E+02  4.582322E+03  1.984897E+04  2.264024E+03
2.917620E+00  1.708995E+05  4.318898E+02  4.432553E+03  1.987451E+04  1.985178E+03
2.985580E+00  1.693789E+05  5.035087E+02  4.546388E+03  2.039210E+04  2.065867E+03
3.055124E+00  1.660950E+05  4.413955E+02  4.233055E+03  1.949376E+04  1.989898E+03
3.126287E+00  1.624980E+05  4.030630E+02  4.080129E+03  1.880254E+04  1.873889E+03
3.199107E+00  1.574585E+05  3.869778E+02  4.367321E+03  1.849892E+04  1.962531E+03
3.273624E+00  1.521253E+05  4.186873E+02  4.477253E+03  1.817913E+04  2.106942E+03
3.349876E+00  1.520941E+05  4.355540E+02  4.355540E+03  1.796330E+04  1.913798E+03
3.427905E+00  1.455107E+05  3.675978E+02  4.146761E+03  1.666443E+04  1.876684E+03
3.507751E+00  1.448643E+05  3.655326E+02  4.109090E+03  1.700987E+04  2.029336E+03
3.589457E+00  1.403227E+05  3.141002E+02  3.769203E+03  1.643175E+04  1.730631E+03
3.673066E+00  1.372249E+05  3.671368E+02  3.767666E+03  1.634662E+04  1.600957E+03
3.758623E+00  1.345306E+05  3.470165E+02  3.875998E+03  1.612744E+04  1.746846E+03
3.846173E+00  1.292095E+05  3.218742E+02  3.529120E+03  1.567987E+04  1.753065E+03
3.935762E+00  1.285600E+05  3.650997E+02  3.476872E+03  1.562065E+04  1.769329E+03
4.027437E+00  1.240144E+05  3.622780E+02  3.523977E+03  1.536937E+04  1.630251E+03
4.121248E+00  1.224574E+05  3.593957E+02  3.352572E+03  1.509998E+04  1.662876E+03
4.217245E+00  1.197695E+05  3.879089E+02  3.229080E+03  1.467239E+04  1.661718E+03
4.315477E+00  1.162646E+05  3.585883E+02  3.519288E+03  1.442550E+04  1.547052E+03
4.415997E+00  1.134078E+05  3.304015E+02  3.163845E+03  1.444756E+04  1.631983E+03
4.518859E+00  1.109976E+05  2.592829E+02  3.267944E+03  1.371754E+04  1.492100E+03
4.624117E+00  1.090016E+05  3.107502E+02  3.117064E+03  1.339572E+04  1.482039E+03
4.731826E+00  1.057215E+05  3.317084E+02  3.055455E+03  1.343652E+04  1.382897E+03
4.842045E+00  1.046025E+05  3.469858E+02  2.848936E+03  1.300740E+04  1.438165E+03
4.954830E+00  1.010436E+05  3.301641E+02  2.940245E+03  1.291655E+04  1.436660E+03
5.070243E+00  9.961994E+04  2.746873E+02  3.052081E+03  1.233913E+04  1.377797E+03
5.188344E+00  9.712223E+04  3.067825E+02  2.812173E+03  1.216904E+04  1.299565E+03
5.309196E+00  9.563180E+04  3.206187E+02  2.652391E+03  1.237088E+04  1.249164E+03
5.432863E+00  9.227085E+04  3.295969E+02  2.620499E+03  1.186956E+04  1.281766E+03
5.559411E+00  9.078686E+04  2.823296E+02  2.600614E+03  1.141248E+04  1.256566E+03
5.688906E+00  8.777213E+04  2.253856E+02  2.615250E+03  1.117213E+04  1.115270E+03
5.821418E+00  8.624888E+04  2.772177E+02  2.487364E+03  1.115706E+04  1.268366E+03
5.957016E+00  8.441550E+04  2.634853E+02  2.594032E+03  1.111092E+04  1.224650E+03
6.095773E+00  8.212769E+04  3.082599E+02  2.542237E+03  1.072744E+04  1.113362E+03
6.237762E+00  8.060200E+04  2.551706E+02  2.491457E+03  1.034504E+04  1.148268E+03
6.383058E+00  7.905820E+04  2.251186E+02  2.351624E+03  1.007839E+04  1.229494E+03
6.531738E+00  7.680847E+04  2.233788E+02  2.274403E+03  9.974203E+03  1.079664E+03
6.683882E+00  7.537100E+04  1.918342E+02  2.245783E+03  9.694243E+03  1.091471E+03
6.839570E+00  7.372322E+04  2.488793E+02  2.304558E+03  1.008769E+04  9.631953E+02
6.998884E+00  7.263574E+04  2.242624E+02  2.119437E+03  9.681186E+03  1.032870E+03
7.161909E+00  7.006559E+04  2.222443E+02  2.213183E+03  9.414514E+03  9.630585E+02
7.328731E+00  6.848579E+04  1.779713E+02  2.205035E+03  8.992078E+03  8.868403E+02
7.499439E+00  6.634614E+04  2.299284E+02  1.989765E+03  8.899410E+03  1.070052E+03
7.674123E+00  6.472934E+04  2.419788E+02  2.068343E+03  8.993546E+03  9.794381E+02
7.852877E+00  6.367819E+04  2.336556E+02  2.043783E+03  8.746601E+03  1.027522E+03
8.035794E+00  6.267436E+04  1.815691E+02  1.873463E+03  8.310914E+03  1.048149E+03
8.222971E+00  6.158377E+04  2.554005E+02  1.900717E+03  8.344874E+03  8.307236E+02
8.414509E+00  5.833501E+04  2.075512E+02  1.902114E+03  8.228484E+03  9.484300E+02
8.610508E+00  5.819586E+04  1.797199E+02  1.858817E+03  8.059153E+03  7.702281E+02
8.811073E+00  5.729769E+04  1.731200E+02  1.829050E+03  7.805453E+03  8.430190E+02
9.016309E+00  5.641026E+04  1.765349E+02  1.802127E+03  7.718498E+03  7.944071E+02
9.226326E+00  5.422528E+04  1.844968E+02  1.717977E+03  7.492486E+03  7.787202E+02
9.441234E+00  5.346161E+04  1.873217E+02  1.695261E+03  7.413256E+03  7.633359E+02
9.661149E+00  5.119438E+04  2.082282E+02  1.681843E+03  7.093487E+03  8.168951E+02
9.886186E+00  5.067083E+04  1.677101E+02  1.670393E+03  7.072896E+03  7.714667E+02
1.011646E+01  4.955238E+04  1.332993E+02  1.628000E+03  6.955602E+03  7.670174E+02
1.035211E+01  4.843297E+04  1.622974E+02  1.518335E+03  6.709718E+03  7.089836E+02
1.059324E+01  4.724912E+04  1.544293E+02  1.481687E+03  6.408817E+03  7.116271E+02
1.083999E+01  4.570658E+04  1.488747E+02  1.531574E+03  6.328195E+03  6.974678E+02
1.109248E+01  4.539160E+04  1.315352E+02  1.504683E+03  6.086493E+03  7.334084E+02
1.135086E+01  4.388705E+04  1.635978E+02  1.435376E+03  6.146602E+03  6.271248E+02
1.161526E+01  4.328393E+04  1.903260E+02  1.427445E+03  6.084722E+03  6.185594E+02
1.188581E+01  4.188577E+04  1.320555E+02  1.288936E+03  5.864379E+03  6.956162E+02
1.216267E+01  4.159575E+04  1.345023E+02  1.272319E+03  5.934461E+03  6.434301E+02
1.244597E+01  3.994020E+04  1.598603E+02  1.264672E+03  5.691026E+03  6.376649E+02
1.273587E+01  3.953791E+04  1.527498E+02  1.246300E+03  5.689931E+03  5.762835E+02
1.303253E+01  3.878719E+04  1.475765E+02  1.231501E+03  5.521398E+03  5.207586E+02
1.333610E+01  3.678867E+04  1.607940E+02  1.196838E+03  5.231607E+03  5.486888E+02
1.364674E+01  3.696372E+04  1.231152E+02  1.297569E+03  5.154639E+03  6.042364E+02
1.396461E+01  3.581046E+04  1.408926E+02  1.166717E+03  5.201944E+03  5.350751E+02
1.428989E+01  3.506338E+04  1.454206E+02  1.087560E+03  5.083533E+03  5.352716E+02
1.462274E+01  3.406568E+04  1.360632E+02  1.100600E+03  4.916416E+03  5.140164E+02
1.496335E+01  3.330503E+04  1.122824E+02  1.122824E+03  4.857691E+03  4.993612E+02
1.531189E+01  3.283422E+04  1.198329E+02  1.074165E+03  4.686478E+03  4.634502E+02
1.566855E+01  3.226178E+04  1.213379E+02  1.084987E+03  4.552994E+03  4.627772E+02
1.603352E+01  3.124614E+04  1.171971E+02  1.085108E+03  4.625840E+03  4.605158E+02
1.640699E+01  3.034221E+04  1.091398E+02  1.002469E+03  4.478773E+03  4.621598E+02
1.678915E+01  2.970815E+04  1.013885E+02  1.025736E+03  4.263585E+03  4.753410E+02
1.718022E+01  2.917603E+04  1.016542E+02  1.017828E+03  4.232159E+03  4.259181E+02
1.758040E+01  2.856095E+04  9.934023E+01  1.022324E+03  4.284205E+03  4.325701E+02
1.798990E+01  2.754708E+04  1.019944E+02  9.720186E+02  4.030621E+03  4.350121E+02
1.840894E+01  2.716261E+04  9.366831E+01  9.570980E+02  3.789964E+03  3.842802E+02
1.883774E+01  2.613357E+04  9.036262E+01  8.813289E+02  3.971261E+03  4.494660E+02
1.927653E+01  2.569123E+04  1.032145E+02  9.300771E+02  3.712280E+03  3.727189E+02
1.972553E+01  2.549756E+04  7.396768E+01  8.988194E+02  3.773473E+03  4.045808E+02
2.018500E+01  2.476602E+04  9.418821E+01  8.476939E+02  3.532058E+03  3.636103E+02
2.065517E+01  2.405137E+04  7.599000E+01  8.476631E+02  3.603638E+03  3.596146E+02
2.113629E+01  2.386892E+04  7.321433E+01  8.356893E+02  3.529977E+03  3.294645E+02
2.162862E+01  2.290960E+04  7.768044E+01  7.829371E+02  3.300397E+03  3.424072E+02
2.213241E+01  2.248600E+04  7.790991E+01  8.020725E+02  3.314168E+03  2.986546E+02
2.264794E+01  2.206200E+04  8.394533E+01  7.447708E+02  3.240680E+03  3.211397E+02
2.317548E+01  2.177539E+04  8.775784E+01  6.953855E+02  3.264210E+03  3.243224E+02
2.371531E+01  2.100100E+04  7.830281E+01  7.727742E+02  3.107876E+03  3.430409E+02
2.426771E+01  2.056304E+04  7.652042E+01  7.078139E+02  3.012536E+03  3.297666E+02
2.483298E+01  1.993384E+04  7.032750E+01  7.068359E+02  3.016961E+03  3.124677E+02
2.541141E+01  1.968627E+04  8.264597E+01  6.994459E+02  2.945676E+03  3.010053E+02
2.600332E+01  1.913614E+04  7.141301E+01  6.452676E+02  2.834417E+03  3.035053E+02
2.660901E+01  1.873461E+04  5.317139E+01  6.712889E+02  2.749958E+03  2.965967E+02
2.722882E+01  1.828542E+04  6.982268E+01  6.300279E+02  2.670312E+03  2.947167E+02
2.786306E+01  1.780810E+04  6.505968E+01  6.434561E+02  2.667447E+03  2.967356E+02
2.851207E+01  1.748726E+04  7.288295E+01  6.388888E+02  2.617583E+03  2.744741E+02
2.917620E+01  1.709829E+04  7.198163E+01  5.894917E+02  2.570123E+03  2.856534E+02
2.985580E+01  1.660912E+04  6.590041E+01  6.338286E+02  2.538276E+03  2.473116E+02
3.055124E+01  1.635262E+04  7.308352E+01  5.680254E+02  2.489905E+03  2.445765E+02
3.126287E+01  1.579300E+04  6.364153E+01  5.649953E+02  2.415550E+03  2.701229E+02
3.199107E+01  1.555996E+04  6.150184E+01  5.396959E+02  2.359183E+03  2.418612E+02
3.273624E+01  1.512947E+04  5.605007E+01  5.409170E+02  2.254834E+03  2.485112E+02
3.349876E+01  1.496194E+04  4.883484E+01  5.411429E+02  2.223965E+03  2.230564E+02
3.427905E+01  1.454978E+04  5.610704E+01  5.449477E+02  2.181080E+03  2.231383E+02
3.507751E+01  1.430304E+04  5.356943E+01  4.959899E+02  2.150970E+03  2.294032E+02
3.589457E+01  1.386229E+04  6.035651E+01  4.920904E+02  2.143888E+03  2.075525E+02
3.673066E+01  1.348536E+04  5.356586E+01  4.887132E+02  2.068605E+03  2.263007E+02
3.758623E+01  1.326662E+04  5.587553E+01  4.440635E+02  1.914472E+03  1.982111E+02
3.846173E+01  1.299452E+04  4.023427E+01  4.471752E+02  1.953086E+03  2.074939E+02
3.935762E+01  1.266952E+04  4.493534E+01  4.555320E+02  1.895710E+03  2.128812E+02
4.027437E+01  1.241955E+04  4.171687E+01  4.358315E+02  1.872868E+03  1.992529E+02
4.121248E+01  1.209983E+04  4.774062E+01  4.302020E+02  1.828627E+03  1.963266E+02
4.217245E+01  1.189884E+04  5.242013E+01  4.324661E+02  1.745066E+03  1.976239E+02
4.315477E+01  1.157728E+04  4.149379E+01  4.123765E+02  1.705856E+03  1.941500E+02
4.415997E+01  1.120962E+04  4.205110E+01  3.894733E+02  1.697062E+03  1.662020E+02
4.518859E+01  1.094761E+04  5.479187E+01  4.031116E+02  1.692188E+03  1.810088E+02
4.624117E+01  1.075722E+04  3.968041E+01  3.853303E+02  1.609686E+03  1.673270E+02
4.731826E+01  1.058991E+04  4.391632E+01  3.816982E+02  1.604814E+03  1.794028E+02
4.842045E+01  1.025845E+04  3.972074E+01  3.743794E+02  1.558240E+03  1.538608E+02
4.954830E+01  1.002673E+04  4.238593E+01  3.515801E+02  1.500016E+03  1.566048E+02
5.070243E+01  9.822034E+03  4.011307E+01  3.248287E+02  1.493776E+03  1.578362E+02
5.188344E+01  9.575449E+03  4.133042E+01  3.723999E+02  1.443582E+03  1.555217E+02
5.309196E+01  9.449090E+03  3.372742E+01  3.768310E+02  1.419050E+03  1.553127E+02
5.432863E+01  9.142855E+03  3.865642E+01  3.348867E+02  1.354603E+03  1.436391E+02
5.559411E+01  9.022618E+03  3.260708E+01  3.260708E+02  1.304681E+03  1.363930E+02
5.688906E+01  8.739519E+03  3.419643E+01  3.237003E+02  1.288584E+03  1.426147E+02
5.821418E+01  8.491975E+03  3.341802E+01  3.224080E+02  1.277100E+03  1.306341E+02
5.957016E+01  8.312405E+03  2.746185E+01  3.024515E+02  1.239865E+03  1.339693E+02
6.095773E+01  8.123917E+03  3.118865E+01  2.908523E+02  1.230138E+03  1.214907E+02
6.237762E+01  7.989320E+03  3.295953E+01  2.913197E+02  1.206744E+03  1.268765E+02
6.383058E+01  7.684165E+03  3.290195E+01  2.916152E+02  1.148105E+03  1.264128E+02
6.531738E+01  7.572881E+03  3.147611E+01  2.910694E+02  1.137201E+03  1.259044E+02
6.683882E+01  7.449783E+03  2.579839E+01  2.523612E+02  1.085186E+03  1.174158E+02
6.839570E+01  7.200046E+03  2.585759E+01  2.666564E+02  1.075676E+03  1.079554E+02
6.998884E+01  7.110065E+03  3.190211E+01  2.498472E+02  1.061930E+03  1.013919E+02
7.161909E+01  6.914884E+03  2.376779E+01  2.611370E+02  1.043622E+03  1.043313E+02
7.328731E+01  6.774977E+03  3.710250E+01  2.470484E+02  9.984494E+02  1.028614E+02
7.499439E+01  6.639036E+03  3.006756E+01  2.372979E+02  9.822071E+02  9.462439E+01
7.674123E+01  6.442110E+03  2.679051E+01  2.500448E+02  9.607136E+02  1.019768E+02
7.852877E+01  6.395688E+03  2.561766E+01  2.297144E+02  9.619291E+02  9.064711E+01
8.035794E+01  6.170324E+03  2.448432E+01  2.244855E+02  9.257275E+02  9.463603E+01
8.222971E+01  5.969650E+03  2.285162E+01  2.247524E+02  8.772334E+02  9.382607E+01
8.414509E+01  5.847688E+03  2.417052E+01  2.091275E+02  8.856392E+02  8.039324E+01
8.610508E+01  5.721511E+03  2.156639E+01  2.118127E+02  8.695875E+02  8.626554E+01
8.811073E+01  5.632672E+03  2.759884E+01  1.987116E+02  8.382519E+02  8.555639E+01
9.016309E+01  5.510831E+03  2.500911E+01  2.081641E+02  8.211325E+02  8.434445E+01
9.226326E+01  5.368856E+03  2.420023E+01  1.914454E+02  7.988471E+02  7.835123E+01
9.441234E+01  5.261398E+03  2.294691E+01  1.875558E+02  7.741069E+02  7.727020E+01
9.661149E+01  5.138430E+03  2.379750E+01  1.926683E+02  7.525961E+02  7.459602E+01
9.886186E+01  4.950356E+03  2.034883E+01  1.947674E+02  7.647583E+02  7.513415E+01
1.011646E+02  4.891866E+03  1.835597E+01  1.765670E+02  7.296499E+02  7.276831E+01
1.035211E+02  4.807848E+03  2.007363E+01  1.691310E+02  7.405888E+02  6.641382E+01
1.059324E+02  4.628498E+03  2.149489E+01  1.723765E+02  6.830368E+02  6.657156E+01
1.083999E+02  4.593499E+03  1.855835E+01  1.719197E+02  6.933891E+02  6.689165E+01
1.109248E+02  4.429149E+03  1.753803E+01  1.528599E+02  6.646514E+02  6.297746E+01
1.135086E+02  4.355985E+03  1.421742E+01  1.583393E+02  6.629605E+02  6.913953E+01
1.161526E+02  4.309551E+03  1.655836E+01  1.545447E+02  6.162755E+02  6.166562E+01
1.188581E+02  4.207176E+03  1.748340E+01  1.510268E+02  6.202888E+02  6.398181E+01
1.216267E+02  4.061607E+03  1.617663E+01  1.459532E+02  6.068963E+02  5.689085E+01
1.244597E+02  3.991356E+03  1.261120E+01  1.397889E+02  6.039166E+02  6.021404E+01
1.273587E+02  3.840790E+03  1.596930E+01  1.471953E+02  5.768042E+02  5.033801E+01
1.303253E+02  3.790342E+03  1.679319E+01  1.299352E+02  5.599427E+02  5.156698E+01
1.333610E+02  3.696438E+03  1.193522E+01  1.336082E+02  5.604582E+02  5.122200E+01
1.364674E+02  3.594154E+03  1.150155E+01  1.317009E+02  5.374950E+02  4.924608E+01
1.396461E+02  3.497935E+03  1.329773E+01  1.201544E+02  5.064217E+02  4.780849E+01
1.428989E+02  3.460237E+03  1.454206E+01  1.214417E+02  4.976788E+02  4.888607E+01
1.462274E+02  3.401730E+03  1.224569E+01  1.304695E+02  5.037361E+02  4.444730E+01
1.496335E+02  3.275396E+03  1.122824E+01  1.164191E+02  4.727680E+02  4.757228E+01
1.531189E+02  3.207336E+03  1.111703E+01  1.100153E+02  4.573864E+02  4.417937E+01
1.566855E+02  3.166779E+03  1.467342E+01  1.132958E+02  4.490914E+02  4.514899E+01
1.603352E+02  3.090695E+03  1.240911E+01  1.083729E+02  4.471416E+02  4.108794E+01
1.640699E+02  3.017917E+03  1.145294E+01  1.138557E+02  4.348075E+02  4.769813E+01
1.678915E+02  2.919199E+03  1.395738E+01  1.029686E+02  4.208282E+02  4.358390E+01
1.718022E+02  2.873339E+03  9.007331E+00  1.004961E+02  4.080321E+02  4.130505E+01
1.758040E+02  2.778509E+03  1.018552E+01  1.024839E+02  3.982412E+02  4.262828E+01
1.798990E+02  2.721160E+03  1.069098E+01  9.646455E+01  3.877015E+02  3.600524E+01
1.840894E+02  2.667265E+03  1.152841E+01  9.366831E+01  3.870423E+02  4.191056E+01
1.883774E+02  2.626266E+03  1.067922E+01  9.106674E+01  3.787015E+02  3.943096E+01
1.927653E+02  2.552953E+03  9.748033E+00  8.945254E+01  3.582689E+02  3.612506E+01
1.972553E+02  2.476909E+03  1.019857E+01  8.853708E+01  3.543724E+02  3.474240E+01
2.018500E+02  2.406509E+03  9.309300E+00  8.663125E+01  3.425822E+02  3.537534E+01
2.065517E+02  2.382019E+03  8.669281E+00  8.326791E+01  3.295397E+02  3.114520E+01
2.113629E+02  2.316397E+03  8.158169E+00  8.921690E+01  3.299875E+02  2.980869E+01
2.162862E+02  2.255390E+03  7.870255E+00  8.238215E+01  3.138903E+02  3.199208E+01
2.213241E+02  2.204151E+03  8.590067E+00  7.900864E+01  3.214283E+02  2.846708E+01
2.264794E+02  2.144217E+03  8.492144E+00  7.574602E+01  3.021056E+02  2.713582E+01
2.317548E+02  2.103326E+03  8.489617E+00  7.287716E+01  2.987582E+02  3.195530E+01
2.371531E+02  2.064398E+03  7.550628E+00  7.177758E+01  2.904662E+02  2.787207E+01
2.426771E+02  2.013580E+03  8.198617E+00  7.369646E+01  2.795728E+02  2.432256E+01
2.483298E+02  1.970683E+03  6.943728E+00  7.379936E+01  2.715176E+02  2.902122E+01
2.541141E+02  1.926695E+03  6.785669E+00  6.733472E+01  2.633362E+02  2.601173E+01
2.600332E+02  1.889809E+03  6.546193E+00  6.214633E+01  2.509657E+02  2.516459E+01
2.660901E+02  1.845380E+03  5.483300E+00  6.214407E+01  2.599583E+02  2.334557E+01
2.722882E+02  1.782508E+03  7.307025E+00  6.413944E+01  2.412942E+02  2.362605E+01
2.786306E+02  1.747011E+03  8.727518E+00  5.910910E+01  2.261221E+02  2.197748E+01
2.851207E+02  1.731978E+03  7.753505E+00  5.605784E+01  2.318298E+02  2.217502E+01
2.917620E+02  1.679900E+03  5.985841E+00  5.516066E+01  2.196576E+02  2.091256E+01
2.985580E+02  1.633886E+03  6.293859E+00  5.368291E+01  2.105851E+02  2.014035E+01
3.055124E+02  1.609864E+03  5.065194E+00  5.455938E+01  2.068047E+02  1.823470E+01
3.126287E+02  1.568057E+03  6.293440E+00  5.126679E+01  2.020972E+02  1.781963E+01
3.199107E+02  1.518128E+03  5.873771E+00  5.003071E+01  1.984644E+02  1.817414E+01
3.273624E+02  1.467229E+03  5.469947E+00  5.051259E+01  1.884093E+02  1.884093E+01
3.349876E+02  1.445577E+03  4.751498E+00  4.652509E+01  1.831967E+02  1.775213E+01
3.427905E+02  1.405836E+03  6.126630E+00  4.501461E+01  1.849597E+02  1.586475E+01
3.507751E+02  1.383541E+03  5.356943E+00  4.468320E+01  1.694054E+02  1.386503E+01
3.589457E+02  1.346197E+03  5.235004E+00  4.212638E+01  1.693062E+02  1.379577E+01
3.673066E+02  1.305322E+03  4.152859E+00  4.158877E+01  1.609383E+02  1.336137E+01
3.758623E+02  1.276138E+03  4.587675E+00  4.028920E+01  1.546282E+02  1.446882E+01
3.846173E+02  1.259965E+03  5.000545E+00  3.891229E+01  1.546145E+02  1.425443E+01
3.935762E+02  1.227184E+03  3.594827E+00  3.724017E+01  1.485113E+02  9.829606E+00
4.027437E+02  1.174549E+03  4.501030E+00  3.968591E+01  1.434292E+02  9.935201E+00
4.121248E+02  1.160794E+03  3.969445E+00  3.674419E+01  1.368386E+02  9.118995E+00
4.217245E+02  1.127662E+03  4.298451E+00  3.512149E+01  1.361351E+02  9.697724E+00
4.315477E+02  1.107935E+03  3.995698E+00  3.811281E+01  1.294504E+02  9.067161E+00
4.415997E+02  1.082816E+03  3.904745E+00  3.404137E+01  1.221484E+02  9.010950E+00
4.518859E+02  1.053129E+03  3.620177E+00  3.326649E+01  1.179982E+02  8.805836E+00
4.624117E+02  1.035228E+03  4.159272E+00  3.198337E+01  1.137824E+02  7.792659E+00
4.731826E+02  1.002273E+03  3.363803E+00  3.251676E+01  1.103514E+02  6.867765E+00
4.842045E+02  9.751213E+02  2.921985E+00  3.086347E+01  1.066525E+02  6.483155E+00
4.954830E+02  9.535495E+02  2.855473E+00  3.047325E+01  1.009231E+02  5.844796E+00
5.070243E+02  9.256527E+02  2.921278E+00  2.882037E+01  9.313209E+01  5.537348E+00
5.188344E+02  8.999805E+02  2.854782E+00  2.722695E+01  9.126779E+01  4.005216E+00
5.309196E+02  8.870727E+02  2.748160E+00  2.648227E+01  8.515132E+01  4.621905E+00
5.432863E+02  8.737980E+02  2.807677E+00  2.620499E+01  8.142264E+01  3.987715E+00
5.559411E+02  8.450006E+02  3.181179E+00  2.381908E+01  7.638805E+01  3.857179E+00
5.688906E+02  8.209086E+02  2.370434E+00  2.494785E+01  7.297829E+01  3.341924E+00
5.821418E+02  7.981591E+02  3.113952E+00  2.437997E+01  7.021582E+01  2.810152E+00
5.957016E+02  7.836276E+02  2.449300E+00  2.330546E+01  6.253138E+01  2.523521E+00
6.095773E+02  7.639768E+02  2.719940E+00  2.110674E+01  6.027387E+01  2.212218E+00
6.237762E+02  7.429716E+02  2.055541E+00  2.020100E+01  5.542872E+01  1.984660E+00
6.383058E+02  7.266829E+02  2.181919E+00  2.001824E+01  5.343970E+01  1.523880E+00
6.531738E+02  7.174860E+02  1.726109E+00  1.868259E+01  4.853413E+01  1.421502E+00
6.683882E+02  6.836244E+02  1.653743E+00  1.825733E+01  4.478337E+01  1.455294E+00
6.839570E+02  6.759498E+02  1.874675E+00  1.758316E+01  4.159840E+01  1.066626E+00
6.998884E+02  6.630586E+02  1.989934E+00  1.743561E+01  3.998819E+01  9.791738E-01
7.161909E+02  6.377176E+02  1.759434E+00  1.602011E+01  3.549735E+01  6.790797E-01
7.328731E+02  6.233522E+02  2.021031E+00  1.502199E+01  3.082826E+01  8.446098E-01
7.499439E+02  6.139974E+02  1.827636E+00  1.524013E+01  2.850523E+01  6.485161E-01
7.674123E+02  5.891032E+02  1.613192E+00  1.518129E+01  2.630079E+01  5.473331E-01
7.852877E+02  5.726251E+02  1.520169E+00  1.373782E+01  2.316850E+01  3.096640E-01
8.035794E+02  5.670184E+02  1.788181E+00  1.171946E+01  2.063286E+01  3.576362E-01
8.222971E+02  5.490035E+02  1.451750E+00  1.129139E+01  1.801245E+01  2.150741E-01
8.414509E+02  5.313835E+02  1.234798E+00  9.536845E+00  1.618374E+01  2.627230E-01
8.610508E+02  5.180554E+02  8.472509E-01  8.677903E+00  1.309388E+01  1.797199E-01
8.811073E+02  5.060874E+02  1.028684E+00  9.458874E+00  1.231912E+01  1.003594E-01
9.016309E+02  4.842450E+02  1.250456E+00  8.630595E+00  1.086180E+01  2.451874E-02
9.226326E+02  4.764090E+02  1.198031E+00  7.379871E+00  8.745627E+00  9.584249E-02
9.441234E+02  4.675549E+02  8.195324E-01  6.766996E+00  8.312400E+00  7.024563E-02
9.661149E+02  4.479651E+02  1.098346E+00  7.574013E+00  6.361256E+00  4.576443E-02
9.886186E+02  4.399373E+02  5.813952E-01  6.171733E+00  5.746868E+00  4.472271E-02
