# Er [keV]  dR/dEr H1 [1/keV/decay]  O16  Mg24  Mg25  Mg26  P31  Fe54  Fe56  Fe57
1.011646E-03  3.817116E+06  5.317458E+05  6.380949E+04  0.000000E+00  3.272282E+03  3.272282E+04  0.000000E+00  0.000000E+00  0.000000E+00
1.035211E-03  3.720635E+06  5.612131E+05  3.997244E+04  1.598898E+03  4.796693E+03  4.157134E+04  0.000000E+00  0.000000E+00  0.000000E+00
1.059324E-03  3.885943E+06  5.218758E+05  4.062506E+04  3.125005E+03  3.125005E+03  4.375007E+04  0.000000E+00  0.000000E+00  0.000000E+00
1.083999E-03  3.705872E+06  5.634392E+05  4.733500E+04  4.580806E+03  4.580806E+03  3.664645E+04  0.000000E+00  0.000000E+00  0.000000E+00
1.109248E-03  3.785656E+06  5.640433E+05  4.625752E+04  0.000000E+00  4.476534E+03  3.432010E+04  0.000000E+00  0.000000E+00  0.000000E+00
1.135086E-03  3.886135E+06  5.351638E+05  5.978669E+04  1.458212E+03  0.000000E+00  3.937172E+04  0.000000E+00  0.000000E+00  0.000000E+00
1.161526E-03  3.780576E+06  4.973317E+05  4.987567E+04  2.850038E+03  1.425019E+03  4.560061E+04  0.000000E+00  1.425019E+03  0.000000E+00
1.188581E-03  3.687556E+06  6.127359E+05  5.570327E+04  5.570327E+03  4.177745E+03  4.734778E+04  0.000000E+00  0.000000E+00  0.000000E+00
1.216267E-03  3.765562E+06  5.484357E+05  4.490913E+04  1.360883E+03  6.804413E+03  3.946560E+04  0.000000E+00  1.360883E+03  0.000000E+00
1.244597E-03  3.871354E+06  5.372817E+05  4.388687E+04  1.329905E+03  2.659810E+03  3.324763E+04  0.000000E+00  0.000000E+00  0.000000E+00
1.273587E-03  3.849512E+06  5.640406E+05  5.068568E+04  2.599266E+03  5.198531E+03  4.548715E+04  0.000000E+00  0.000000E+00  0.000000E+00
1.303253E-03  3.695844E+06  5.664421E+05  3.683144E+04  2.540099E+03  5.080198E+03  2.540099E+04  0.000000E+00  0.000000E+00  0.000000E+00
1.333610E-03  3.907108E+06  5.895414E+05  3.723419E+04  1.241140E+03  3.723419E+03  3.599305E+04  0.000000E+00  0.000000E+00  0.000000E+00
1.364674E-03  3.924905E+06  5.555027E+05  5.579284E+04  1.212888E+03  2.425776E+03  3.396086E+04  0.000000E+00  0.000000E+00  0.000000E+00
1.396461E-03  3.775114E+06  4.907056E+05  5.570812E+04  4.741117E+03  8.296955E+03  3.911421E+04  0.000000E+00  0.000000E+00  0.000000E+00
1.428989E-03  3.867560E+06  5.420839E+05  6.023155E+04  3.474897E+03  8.108093E+03  3.706557E+04  0.000000E+00  0.000000E+00  0.000000E+00
1.462274E-03  3.833857E+06  5.184253E+05  6.338824E+04  0.000000E+00  6.791597E+03  3.169412E+04  0.000000E+00  1.131933E+03  0.000000E+00
1.496335E-03  3.841718E+06  5.641451E+05  5.198985E+04  3.318501E+03  1.106167E+03  3.097267E+04  0.000000E+00  0.000000E+00  0.000000E+00
1.531189E-03  3.919661E+06  5.534656E+05  3.999654E+04  5.404938E+03  3.242963E+03  2.810568E+04  0.000000E+00  2.161975E+03  0.000000E+00
1.566855E-03  3.858961E+06  5.894607E+05  5.493182E+04  6.338287E+03  5.281906E+03  2.852229E+04  0.000000E+00  1.056381E+03  0.000000E+00
1.603352E-03  3.882612E+06  5.512669E+05  5.058442E+04  2.064670E+03  1.032335E+03  3.406706E+04  0.000000E+00  1.032335E+03  0.000000E+00
1.640699E-03  3.776074E+06  5.720101E+05  3.833578E+04  0.000000E+00  3.026509E+03  3.329160E+04  0.000000E+00  0.000000E+00  0.000000E+00
1.678915E-03  3.896167E+06  5.156112E+05  4.732187E+04  1.971745E+03  5.915234E+03  3.549140E+04  0.000000E+00  9.858723E+02  0.000000E+00
1.718022E-03  3.720771E+06  5.366311E+05  3.372009E+04  9.634311E+02  1.926862E+03  1.445147E+04  0.000000E+00  1.926862E+03  0.000000E+00
1.758040E-03  3.824376E+06  5.168839E+05  4.519204E+04  3.766003E+03  4.707504E+03  2.071302E+04  0.000000E+00  0.000000E+00  0.000000E+00
1.798990E-03  3.790687E+06  5.041981E+05  3.588271E+04  1.840139E+03  6.440487E+03  2.576195E+04  0.000000E+00  9.200696E+02  0.000000E+00
1.840894E-03  3.853655E+06  6.114058E+05  4.225893E+04  4.495631E+03  4.495631E+03  2.607466E+04  0.000000E+00  0.000000E+00  0.000000E+00
1.883774E-03  3.800203E+06  5.834300E+05  4.832628E+04  1.757319E+03  5.271958E+03  2.987443E+04  0.000000E+00  0.000000E+00  0.000000E+00
1.927653E-03  3.780675E+06  5.005981E+05  3.434636E+04  2.575977E+03  1.717318E+03  2.060781E+04  0.000000E+00  1.717318E+03  0.000000E+00
1.972553E-03  3.740768E+06  5.017898E+05  4.195567E+04  3.356454E+03  2.517340E+03  2.349518E+04  0.000000E+00  8.391134E+02  0.000000E+00
2.018500E-03  3.844220E+06  5.428485E+05  3.034048E+04  8.200129E+02  6.560103E+03  1.804028E+04  0.000000E+00  8.200129E+02  0.000000E+00
2.065517E-03  3.724661E+06  5.545322E+05  3.125254E+04  1.602694E+03  4.006736E+03  2.243772E+04  0.000000E+00  0.000000E+00  0.000000E+00
2.113629E-03  3.825474E+06  5.129346E+05  3.993842E+04  3.132425E+03  3.132425E+03  1.801144E+04  0.000000E+00  0.000000E+00  0.000000E+00
2.162862E-03  3.784312E+06  5.395228E+05  3.520291E+04  2.295842E+03  7.652805E+02  2.525426E+04  0.000000E+00  1.530561E+03  0.000000E+00
2.213241E-03  3.852978E+06  5.571562E+05  3.066229E+04  2.243582E+03  4.487164E+03  2.467940E+04  0.000000E+00  0.000000E+00  0.000000E+00
2.264794E-03  3.806200E+06  5.415504E+05  2.996433E+04  2.192512E+03  4.385023E+03  2.338679E+04  0.000000E+00  0.000000E+00  0.000000E+00
2.317548E-03  3.800980E+06  5.235096E+05  2.428285E+04  2.856805E+03  1.428403E+03  2.428285E+04  0.000000E+00  0.000000E+00  0.000000E+00
2.371531E-03  3.759825E+06  5.339273E+05  3.559515E+04  1.395888E+03  3.489721E+03  1.465683E+04  0.000000E+00  1.395888E+03  0.000000E+00
2.426771E-03  3.772457E+06  5.265480E+05  3.751314E+04  6.820570E+02  5.456456E+03  1.705143E+04  0.000000E+00  0.000000E+00  0.000000E+00
2.483298E-03  3.762570E+06  4.585737E+05  3.465964E+04  0.000000E+00  2.666126E+03  1.999594E+04  0.000000E+00  0.000000E+00  0.000000E+00
2.541141E-03  3.874937E+06  4.670247E+05  2.996253E+04  3.908156E+03  1.302719E+03  1.498127E+04  0.000000E+00  0.000000E+00  0.000000E+00
2.600332E-03  3.846567E+06  4.283865E+05  2.928050E+04  6.365326E+02  3.182663E+03  1.527678E+04  0.000000E+00  0.000000E+00  0.000000E+00
2.660901E-03  3.777047E+06  4.503594E+05  2.799195E+04  2.488174E+03  2.488174E+03  2.301561E+04  0.000000E+00  0.000000E+00  0.000000E+00
2.722882E-03  3.822982E+06  4.455789E+05  2.735478E+04  3.039420E+03  3.039420E+03  2.370747E+04  0.000000E+00  0.000000E+00  0.000000E+00
2.786306E-03  3.767445E+06  4.574160E+05  3.267257E+04  1.188094E+03  5.940468E+02  1.188094E+04  0.000000E+00  0.000000E+00  0.000000E+00
2.851207E-03  3.829721E+06  4.261051E+05  2.380151E+04  1.741574E+03  1.161049E+03  1.567417E+04  0.000000E+00  5.805247E+02  0.000000E+00
2.917620E-03  3.848066E+06  4.413674E+05  2.552896E+04  1.134621E+03  1.701931E+03  1.928855E+04  0.000000E+00  0.000000E+00  0.000000E+00
2.985580E-03  3.778768E+06  3.980569E+05  2.882863E+04  1.663190E+03  1.663190E+03  1.774070E+04  0.000000E+00  5.543967E+02  0.000000E+00
3.055124E-03  3.815195E+06  3.846618E+05  2.979774E+04  0.000000E+00  2.167109E+03  1.625331E+04  0.000000E+00  0.000000E+00  0.000000E+00
3.126287E-03  3.720938E+06  4.039664E+05  1.747168E+04  5.294448E+02  2.117779E+03  1.641279E+04  0.000000E+00  5.294448E+02  0.000000E+00
3.199107E-03  3.862857E+06  3.994275E+05  2.121312E+04  5.173931E+02  1.552179E+03  1.448701E+04  0.000000E+00  0.000000E+00  0.000000E+00
3.273624E-03  3.758243E+06  3.827512E+05  2.528079E+04  0.000000E+00  2.528079E+03  1.516848E+04  0.000000E+00  5.056158E+02  0.000000E+00
3.349876E-03  3.786339E+06  3.938030E+05  2.717586E+04  1.482320E+03  1.482320E+03  1.482320E+04  0.000000E+00  0.000000E+00  0.000000E+00
3.427905E-03  3.789480E+06  3.626274E+05  2.607441E+04  4.828594E+02  2.897156E+03  1.352006E+04  0.000000E+00  0.000000E+00  0.000000E+00
3.507751E-03  3.758430E+06  3.482387E+05  2.359341E+04  4.718682E+02  3.303077E+03  1.415604E+04  0.000000E+00  4.718682E+02  0.000000E+00
3.589457E-03  3.790004E+06  3.398507E+05  1.982847E+04  9.222543E+02  9.222543E+02  9.683670E+03  0.000000E+00  0.000000E+00  0.000000E+00
3.673066E-03  3.815940E+06  3.131883E+05  2.072901E+04  4.506306E+02  4.055675E+03  1.081513E+04  0.000000E+00  0.000000E+00  0.000000E+00
3.758623E-03  3.797336E+06  3.144263E+05  2.686275E+04  4.403730E+02  4.403730E+02  1.585343E+04  0.000000E+00  4.403730E+02  0.000000E+00
3.846173E-03  3.821928E+06  2.982318E+05  1.936570E+04  1.721396E+03  2.582093E+03  1.463186E+04  0.000000E+00  0.000000E+00  0.000000E+00
3.935762E-03  3.787920E+06  3.305546E+05  2.607428E+04  2.523318E+03  1.261659E+03  8.411059E+03  0.000000E+00  0.000000E+00  0.000000E+00
4.027437E-03  3.776495E+06  3.135777E+05  1.931606E+04  2.054900E+03  1.643920E+03  1.068548E+04  0.000000E+00  0.000000E+00  0.000000E+00
4.121248E-03  3.811822E+06  3.148740E+05  2.048287E+04  0.000000E+00  4.417874E+03  1.204875E+04  0.000000E+00  0.000000E+00  0.000000E+00
4.217245E-03  3.735652E+06  2.955396E+05  1.766173E+04  7.849657E+02  1.569931E+03  1.295193E+04  0.000000E+00  0.000000E+00  0.000000E+00
4.315477E-03  3.812475E+06  2.838261E+05  1.841034E+04  3.835488E+02  7.670977E+02  1.265711E+04  0.000000E+00  3.835488E+02  0.000000E+00
4.415997E-03  3.757927E+06  2.968560E+05  2.024018E+04  7.496364E+02  1.124455E+03  1.012009E+04  0.000000E+00  0.000000E+00  0.000000E+00
4.518859E-03  3.834651E+06  2.574993E+05  1.428517E+04  1.098859E+03  7.325726E+02  1.025602E+04  0.000000E+00  0.000000E+00  0.000000E+00
4.624117E-03  3.784591E+06  2.573650E+05  2.076102E+04  1.789743E+03  1.431794E+03  1.324410E+04  0.000000E+00  0.000000E+00  0.000000E+00
4.731826E-03  3.782395E+06  2.696963E+05  1.818964E+04  1.049402E+03  1.399203E+03  1.084382E+04  0.000000E+00  3.498007E+02  0.000000E+00
4.842045E-03  3.763297E+06  2.539858E+05  1.367353E+04  6.836765E+02  6.836765E+02  9.229633E+03  0.000000E+00  3.418383E+02  0.000000E+00
4.954830E-03  3.780190E+06  2.565558E+05  1.336228E+04  3.340571E+02  2.004342E+03  9.353598E+03  0.000000E+00  3.340571E+02  0.000000E+00
5.070243E-03  3.835496E+06  2.458191E+05  1.305812E+04  6.529060E+02  1.632265E+03  1.273167E+04  0.000000E+00  0.000000E+00  0.000000E+00
5.188344E-03  3.810080E+06  2.306529E+05  1.754621E+04  9.570661E+02  3.190220E+02  8.613595E+03  0.000000E+00  3.190220E+02  0.000000E+00
5.309196E-03  3.840262E+06  2.372495E+05  1.745857E+04  0.000000E+00  9.352806E+02  7.482245E+03  0.000000E+00  0.000000E+00  0.000000E+00
5.432863E-03  3.782095E+06  2.297164E+05  1.340520E+04  6.093273E+02  1.218655E+03  8.835247E+03  0.000000E+00  0.000000E+00  0.000000E+00
5.559411E-03  3.827898E+06  2.128760E+05  1.607735E+04  8.931860E+02  1.190915E+03  9.825046E+03  0.000000E+00  0.000000E+00  0.000000E+00
5.688906E-03  3.834160E+06  2.225779E+05  1.396567E+04  5.819031E+02  1.454758E+03  1.105616E+04  0.000000E+00  0.000000E+00  0.000000E+00
5.821418E-03  3.733804E+06  2.041480E+05  1.535375E+04  5.686574E+02  1.137315E+03  8.529860E+03  2.843287E+02  2.843287E+02  0.000000E+00
5.957016E-03  3.793020E+06  2.072810E+05  1.472640E+04  5.557131E+02  8.335697E+02  9.169267E+03  0.000000E+00  2.778566E+02  0.000000E+00
6.095773E-03  3.840002E+06  1.887146E+05  1.058974E+04  2.715318E+02  2.443786E+03  6.788295E+03  0.000000E+00  0.000000E+00  0.000000E+00
6.237762E-03  3.797172E+06  1.830922E+05  1.114474E+04  0.000000E+00  1.326755E+03  9.021933E+03  0.000000E+00  2.653510E+02  0.000000E+00
6.383058E-03  3.836763E+06  1.981135E+05  1.400279E+04  5.186217E+02  5.186217E+02  7.779325E+03  0.000000E+00  2.593108E+02  0.000000E+00
6.531738E-03  3.760831E+06  1.854948E+05  1.697835E+04  2.534082E+02  1.773857E+03  7.855654E+03  0.000000E+00  5.068164E+02  0.000000E+00
6.683882E-03  3.776509E+06  1.805295E+05  1.312492E+04  4.952799E+02  4.952799E+02  1.040088E+04  0.000000E+00  0.000000E+00  0.000000E+00
6.839570E-03  3.769922E+06  1.795662E+05  9.438115E+03  4.840059E+02  7.260089E+02  8.470103E+03  0.000000E+00  0.000000E+00  0.000000E+00
6.998884E-03  3.813944E+06  1.906144E+05  1.324368E+04  1.182471E+03  1.182471E+03  6.148852E+03  0.000000E+00  2.364943E+02  0.000000E+00
7.161909E-03  3.800621E+06  1.663999E+05  9.475552E+03  4.622221E+02  4.622221E+02  6.471109E+03  0.000000E+00  2.311110E+02  0.000000E+00
7.328731E-03  3.818451E+06  1.689360E+05  9.937413E+03  1.129252E+03  9.034012E+02  6.323808E+03  0.000000E+00  2.258503E+02  0.000000E+00
7.499439E-03  3.808781E+06  1.686219E+05  1.191830E+04  6.621280E+02  8.828373E+02  6.179861E+03  0.000000E+00  0.000000E+00  0.000000E+00
7.674123E-03  3.822592E+06  1.621954E+05  1.229407E+04  2.156854E+02  0.000000E+00  6.470561E+03  0.000000E+00  0.000000E+00  0.000000E+00
7.852877E-03  3.796072E+06  1.639835E+05  1.011724E+04  2.107758E+02  1.053879E+03  6.323273E+03  0.000000E+00  0.000000E+00  0.000000E+00
8.035794E-03  3.786904E+06  1.606628E+05  1.071085E+04  8.239117E+02  2.059779E+02  8.033139E+03  0.000000E+00  4.119558E+02  0.000000E+00
8.222971E-03  3.803361E+06  1.483502E+05  9.259307E+03  4.025786E+02  0.000000E+00  6.843836E+03  0.000000E+00  0.000000E+00  0.000000E+00
8.414509E-03  3.773044E+06  1.449733E+05  1.101561E+04  5.901222E+02  1.573659E+03  5.901222E+03  0.000000E+00  0.000000E+00  0.000000E+00
8.610508E-03  3.816530E+06  1.505159E+05  1.018818E+04  5.766893E+02  5.766893E+02  5.574664E+03  0.000000E+00  0.000000E+00  0.000000E+00
8.811073E-03  3.812499E+06  1.493440E+05  7.889872E+03  1.878541E+02  5.635623E+02  6.199185E+03  0.000000E+00  0.000000E+00  0.000000E+00
9.016309E-03  3.757108E+06  1.497997E+05  8.628167E+03  3.671560E+02  1.468624E+03  6.608809E+03  0.000000E+00  0.000000E+00  0.000000E+00
9.226326E-03  3.800035E+06  1.449546E+05  7.893568E+03  3.587985E+02  1.793993E+02  6.996572E+03  0.000000E+00  1.793993E+02  0.000000E+00
9.441234E-03  3.739658E+06  1.358696E+05  8.941098E+03  1.753156E+02  1.051894E+03  8.064520E+03  0.000000E+00  0.000000E+00  0.000000E+00
9.661149E-03  3.804614E+06  1.240393E+05  1.027950E+04  3.426499E+02  1.027950E+03  6.510349E+03  0.000000E+00  0.000000E+00  0.000000E+00
9.886186E-03  3.782469E+06  1.264060E+05  8.873532E+03  5.022754E+02  1.674251E+02  4.520479E+03  0.000000E+00  0.000000E+00  0.000000E+00
1.011646E-02  3.743327E+06  1.194383E+05  6.544563E+03  1.308913E+03  1.145299E+03  5.562879E+03  0.000000E+00  0.000000E+00  0.000000E+00
1.035211E-02  3.685299E+06  1.266327E+05  8.154378E+03  1.598898E+02  7.994488E+02  5.915921E+03  0.000000E+00  0.000000E+00  0.000000E+00
1.059324E-02  3.620005E+06  1.173439E+05  7.187511E+03  4.687507E+02  4.687507E+02  5.781259E+03  0.000000E+00  0.000000E+00  0.000000E+00
1.083999E-02  3.534397E+06  1.238345E+05  8.550838E+03  0.000000E+00  3.053871E+02  3.970032E+03  0.000000E+00  0.000000E+00  0.000000E+00
1.109248E-02  3.484982E+06  1.120626E+05  7.908544E+03  4.476534E+02  1.193743E+03  4.327317E+03  0.000000E+00  1.492178E+02  0.000000E+00
1.135086E-02  3.331869E+06  1.128656E+05  4.957921E+03  5.832848E+02  4.374636E+02  5.103742E+03  0.000000E+00  0.000000E+00  0.000000E+00
1.161526E-02  3.238213E+06  1.102965E+05  7.125095E+03  4.275057E+02  2.850038E+02  5.415072E+03  0.000000E+00  0.000000E+00  0.000000E+00
1.188581E-02  3.189569E+06  1.070895E+05  6.127359E+03  4.177745E+02  5.570327E+02  5.709585E+03  0.000000E+00  0.000000E+00  0.000000E+00
1.216267E-02  3.111114E+06  1.090067E+05  5.987884E+03  2.721765E+02  5.443531E+02  5.035266E+03  0.000000E+00  1.360883E+02  0.000000E+00
1.244597E-02  3.041360E+06  1.002748E+05  6.250554E+03  2.659810E+02  1.329905E+02  3.856725E+03  0.000000E+00  0.000000E+00  0.000000E+00
1.273587E-02  3.022686E+06  9.474323E+04  7.407907E+03  2.599266E+02  2.599266E+02  3.638972E+03  0.000000E+00  1.299633E+02  0.000000E+00
1.303253E-02  2.921114E+06  9.284062E+04  7.112278E+03  1.270050E+02  3.810149E+02  3.175124E+03  0.000000E+00  1.270050E+02  0.000000E+00
1.333610E-02  2.851767E+06  9.792592E+04  5.461015E+03  2.482279E+02  2.482279E+02  4.592217E+03  0.000000E+00  0.000000E+00  0.000000E+00
1.364674E-02  2.773390E+06  9.945681E+04  6.064440E+03  4.851552E+02  9.703103E+02  4.123819E+03  0.000000E+00  0.000000E+00  0.000000E+00
1.396461E-02  2.685250E+06  9.541498E+04  5.689340E+03  4.741117E+02  3.555838E+02  3.792894E+03  0.000000E+00  0.000000E+00  0.000000E+00
1.428989E-02  2.662119E+06  9.173728E+04  5.328175E+03  5.791495E+02  5.791495E+02  4.517366E+03  0.000000E+00  0.000000E+00  0.000000E+00
1.462274E-02  2.581147E+06  9.089421E+04  5.546471E+03  2.263866E+02  5.659664E+02  3.622185E+03  0.000000E+00  0.000000E+00  0.000000E+00
1.496335E-02  2.528145E+06  7.853785E+04  5.752068E+03  3.318501E+02  4.424668E+02  3.539734E+03  0.000000E+00  0.000000E+00  0.000000E+00
1.531189E-02  2.488649E+06  8.518182E+04  6.594024E+03  2.161975E+02  5.404938E+02  5.404938E+03  0.000000E+00  1.080988E+02  0.000000E+00
1.566855E-02  2.429254E+06  8.260901E+04  5.281906E+03  1.056381E+02  3.169144E+02  4.331163E+03  0.000000E+00  1.056381E+02  0.000000E+00
1.603352E-02  2.364047E+06  8.052213E+04  4.129340E+03  1.032335E+02  4.129340E+02  3.406706E+03  0.000000E+00  0.000000E+00  0.000000E+00
1.640699E-02  2.299844E+06  7.646979E+04  6.053017E+03  4.035345E+02  8.070690E+02  3.127392E+03  0.000000E+00  0.000000E+00  0.000000E+00
1.678915E-02  2.205692E+06  8.212316E+04  4.535013E+03  9.858723E+01  6.901106E+02  3.351966E+03  0.000000E+00  9.858723E+01  0.000000E+00
1.718022E-02  2.204427E+06  8.073553E+04  4.431783E+03  3.853725E+02  7.707449E+02  3.275666E+03  0.000000E+00  9.634311E+01  0.000000E+00
1.758040E-02  2.167241E+06  7.174236E+04  5.272404E+03  3.766003E+02  4.707504E+02  3.295253E+03  0.000000E+00  1.883002E+02  0.000000E+00
1.798990E-02  2.105579E+06  7.056934E+04  5.060383E+03  2.760209E+02  4.600348E+02  3.864292E+03  0.000000E+00  9.200696E+01  0.000000E+00
1.840894E-02  2.067451E+06  6.824368E+04  4.495631E+03  8.991262E+01  4.495631E+02  2.787291E+03  0.000000E+00  0.000000E+00  0.000000E+00
1.883774E-02  1.988934E+06  7.345594E+04  5.184092E+03  1.757319E+02  3.514639E+02  2.987443E+03  0.000000E+00  0.000000E+00  0.000000E+00
1.927653E-02  1.982987E+06  6.852098E+04  4.379160E+03  0.000000E+00  8.586589E+02  2.404245E+03  0.000000E+00  3.434636E+02  0.000000E+00
1.972553E-02  1.919975E+06  6.863948E+04  4.531213E+03  2.517340E+02  4.195567E+02  3.020808E+03  0.000000E+00  8.391134E+01  0.000000E+00
2.018500E-02  1.897018E+06  6.117296E+04  3.608057E+03  3.280052E+02  3.280052E+02  3.280052E+03  0.000000E+00  0.000000E+00  0.000000E+00
2.065517E-02  1.850711E+06  6.498925E+04  3.766331E+03  4.808083E+02  3.205388E+02  3.606062E+03  0.000000E+00  0.000000E+00  0.000000E+00
2.113629E-02  1.794253E+06  6.037749E+04  4.307084E+03  3.915531E+02  3.132425E+02  2.740872E+03  0.000000E+00  0.000000E+00  0.000000E+00
2.162862E-02  1.757314E+06  6.489579E+04  3.596819E+03  2.295842E+02  3.826403E+02  2.908066E+03  0.000000E+00  0.000000E+00  0.000000E+00
2.213241E-02  1.723445E+06  6.162372E+04  4.487164E+03  1.495721E+02  5.235024E+02  2.692298E+03  0.000000E+00  1.495721E+02  0.000000E+00
2.264794E-02  1.670694E+06  5.656680E+04  4.092689E+03  1.461674E+02  4.385023E+02  2.631014E+03  0.000000E+00  7.308372E+01  0.000000E+00
2.317548E-02  1.632664E+06  5.577913E+04  4.499469E+03  2.856805E+02  4.999410E+02  2.713965E+03  0.000000E+00  7.142014E+01  0.000000E+00
2.371531E-02  1.601572E+06  5.632409E+04  4.466843E+03  2.791777E+02  5.583553E+02  3.070954E+03  0.000000E+00  0.000000E+00  0.000000E+00
2.426771E-02  1.552703E+06  5.640611E+04  3.137462E+03  6.820570E+01  2.046171E+02  2.864639E+03  0.000000E+00  2.046171E+02  0.000000E+00
2.483298E-02  1.523691E+06  5.472224E+04  4.265802E+03  1.999594E+02  3.332657E+02  2.666126E+03  0.000000E+00  0.000000E+00  0.000000E+00
2.541141E-02  1.482168E+06  5.503987E+04  3.777884E+03  1.302719E+02  1.302719E+02  2.540302E+03  0.000000E+00  0.000000E+00  0.000000E+00
2.600332E-02  1.455177E+06  5.238664E+04  3.182663E+03  2.546131E+02  6.365326E+01  2.609784E+03  0.000000E+00  0.000000E+00  0.000000E+00
2.660901E-02  1.423733E+06  5.050992E+04  3.981078E+03  3.110217E+02  1.866130E+02  1.990539E+03  0.000000E+00  0.000000E+00  0.000000E+00
2.722882E-02  1.393452E+06  4.668549E+04  3.708092E+03  1.823652E+02  6.078839E+01  2.553113E+03  0.000000E+00  0.000000E+00  0.000000E+00
2.786306E-02  1.356803E+06  4.562280E+04  3.504876E+03  1.188094E+02  4.158328E+02  2.257378E+03  0.000000E+00  0.000000E+00  0.000000E+00
2.851207E-02  1.324409E+06  4.713860E+04  3.715358E+03  5.805247E+01  3.483148E+02  1.567417E+03  0.000000E+00  0.000000E+00  0.000000E+00
2.917620E-02  1.298233E+06  4.668964E+04  3.290400E+03  1.701931E+02  2.269241E+02  1.872124E+03  0.000000E+00  1.134621E+02  0.000000E+00
2.985580E-02  1.265355E+06  4.839884E+04  2.716544E+03  5.543967E+01  5.543967E+01  2.106708E+03  0.000000E+00  5.543967E+01  0.000000E+00
3.055124E-02  1.227559E+06  4.545510E+04  3.250663E+03  1.625331E+02  3.792440E+02  1.842042E+03  0.000000E+00  0.000000E+00  0.000000E+00
3.126287E-02  1.210734E+06  4.420864E+04  2.911946E+03  1.588334E+02  2.117779E+02  2.276613E+03  0.000000E+00  5.294448E+01  0.000000E+00
3.199107E-02  1.179036E+06  3.983927E+04  3.156098E+03  2.586966E+02  2.586966E+02  1.862615E+03  0.000000E+00  1.034786E+02  0.000000E+00
3.273624E-02  1.166607E+06  4.156162E+04  2.275271E+03  5.056158E+01  5.056158E+02  2.174148E+03  0.000000E+00  5.056158E+01  0.000000E+00
3.349876E-02  1.147019E+06  4.061556E+04  2.865818E+03  2.470533E+02  1.482320E+02  1.778784E+03  0.000000E+00  0.000000E+00  0.000000E+00
3.427905E-02  1.111880E+06  3.858046E+04  2.752298E+03  9.657188E+01  1.931438E+02  1.834866E+03  0.000000E+00  0.000000E+00  0.000000E+00
3.507751E-02  1.089685E+06  3.812695E+04  2.453714E+03  2.831209E+02  1.887473E+02  1.698725E+03  0.000000E+00  4.718682E+01  0.000000E+00
3.589457E-02  1.059855E+06  3.947248E+04  2.905101E+03  2.766763E+02  3.227890E+02  1.567832E+03  0.000000E+00  0.000000E+00  0.000000E+00
3.673066E-02  1.045643E+06  3.735728E+04  2.298216E+03  9.012612E+01  9.012612E+01  2.163027E+03  0.000000E+00  0.000000E+00  0.000000E+00
3.758623E-02  1.006032E+06  3.584636E+04  2.378014E+03  4.403730E+01  2.201865E+02  2.025716E+03  0.000000E+00  0.000000E+00  0.000000E+00
3.846173E-02  9.814967E+05  3.503040E+04  2.496023E+03  2.582093E+02  3.012442E+02  1.420151E+03  0.000000E+00  8.606978E+01  0.000000E+00
3.935762E-02  9.570944E+05  3.549467E+04  2.270986E+03  2.102765E+02  2.943871E+02  1.682212E+03  0.000000E+00  0.000000E+00  0.000000E+00
4.027437E-02  9.376919E+05  3.435793E+04  2.465880E+03  8.219600E+01  1.643920E+02  1.561724E+03  0.000000E+00  4.109800E+01  0.000000E+00
4.121248E-02  9.255447E+05  3.337503E+04  2.570400E+03  1.204875E+02  2.008125E+02  1.285200E+03  0.000000E+00  4.016249E+01  0.000000E+00
4.217245E-02  8.937619E+05  3.300781E+04  2.590387E+03  7.849657E+01  1.569931E+02  1.569931E+03  0.000000E+00  1.569931E+02  0.000000E+00
4.315477E-02  8.802829E+05  3.356052E+04  2.262938E+03  1.150647E+02  3.068391E+02  1.495840E+03  0.000000E+00  3.835488E+01  0.000000E+00
4.415997E-02  8.501252E+05  3.268415E+04  2.548764E+03  1.874091E+02  7.496364E+01  1.724164E+03  0.000000E+00  0.000000E+00  0.000000E+00
4.518859E-02  8.401143E+05  3.084131E+04  2.307604E+03  3.662863E+01  2.197718E+02  1.721546E+03  0.000000E+00  0.000000E+00  0.000000E+00
4.624117E-02  8.223511E+05  3.064040E+04  2.183486E+03  1.073846E+02  2.505640E+02  1.360205E+03  0.000000E+00  1.431794E+02  0.000000E+00
4.731826E-02  8.006938E+05  2.959314E+04  2.028844E+03  2.098804E+02  3.148206E+02  1.469163E+03  0.000000E+00  3.498007E+01  0.000000E+00
4.842045E-02  7.840061E+05  2.939809E+04  1.709191E+03  1.709191E+02  1.025515E+02  1.367353E+03  0.000000E+00  0.000000E+00  0.000000E+00
4.954830E-02  7.647903E+05  2.943043E+04  2.271588E+03  3.340571E+01  2.338400E+02  1.236011E+03  0.000000E+00  0.000000E+00  0.000000E+00
5.070243E-02  7.477406E+05  2.859728E+04  2.024009E+03  3.264530E+01  1.632265E+02  1.338457E+03  0.000000E+00  3.264530E+01  0.000000E+00
5.188344E-02  7.306562E+05  2.775492E+04  2.424567E+03  9.570661E+01  2.233154E+02  1.754621E+03  0.000000E+00  3.190220E+01  0.000000E+00
5.309196E-02  7.224107E+05  2.784019E+04  1.808209E+03  6.235204E+01  2.182321E+02  1.153513E+03  0.000000E+00  0.000000E+00  0.000000E+00
5.432863E-02  6.987461E+05  2.635341E+04  1.736583E+03  6.093273E+01  2.132646E+02  1.157722E+03  0.000000E+00  0.000000E+00  0.000000E+00
5.559411E-02  6.728966E+05  2.614058E+04  1.935236E+03  1.190915E+02  8.931860E+01  1.994782E+03  0.000000E+00  8.931860E+01  0.000000E+00
5.688906E-02  6.710507E+05  2.490545E+04  1.542043E+03  2.909515E+01  2.036661E+02  1.221997E+03  2.909515E+01  0.000000E+00  0.000000E+00
5.821418E-02  6.591308E+05  2.456600E+04  1.819704E+03  1.421643E+02  1.705972E+02  1.336345E+03  0.000000E+00  2.843287E+01  0.000000E+00
5.957016E-02  6.424600E+05  2.322881E+04  1.583782E+03  8.335697E+01  1.667139E+02  1.444854E+03  0.000000E+00  0.000000E+00  0.000000E+00
6.095773E-02  6.214276E+05  2.340604E+04  1.737803E+03  1.086127E+02  2.172254E+02  1.656344E+03  0.000000E+00  2.715318E+01  0.000000E+00
6.237762E-02  6.065392E+05  2.303246E+04  1.459430E+03  7.960529E+01  7.960529E+01  1.512501E+03  0.000000E+00  2.653510E+01  0.000000E+00
6.383058E-02  5.947035E+05  2.370101E+04  1.789245E+03  1.296554E+02  2.333798E+02  1.192830E+03  0.000000E+00  0.000000E+00  0.000000E+00
6.531738E-02  5.802288E+05  2.306015E+04  1.469768E+03  5.068164E+01  1.267041E+02  1.444427E+03  0.000000E+00  0.000000E+00  0.000000E+00
6.683882E-02  5.641238E+05  2.142085E+04  1.733480E+03  1.485840E+02  1.485840E+02  1.089616E+03  0.000000E+00  0.000000E+00  0.000000E+00
6.839570E-02  5.532672E+05  2.110266E+04  1.427817E+03  1.452018E+02  1.210015E+02  1.427817E+03  0.000000E+00  2.420030E+01  0.000000E+00
6.998884E-02  5.474843E+05  2.071690E+04  1.702759E+03  7.094829E+01  1.655460E+02  1.135173E+03  0.000000E+00  0.000000E+00  0.000000E+00
7.161909E-02  5.313705E+05  1.994488E+04  1.525333E+03  9.244441E+01  2.079999E+02  1.109333E+03  0.000000E+00  0.000000E+00  0.000000E+00
7.328731E-02  5.160228E+05  2.001034E+04  1.242177E+03  6.775509E+01  1.355102E+02  8.808162E+02  0.000000E+00  2.258503E+01  0.000000E+00
7.499439E-02  5.042987E+05  2.065839E+04  1.390469E+03  1.103547E+02  8.828373E+01  1.258043E+03  0.000000E+00  4.414186E+01  0.000000E+00
7.674123E-02  4.921940E+05  2.008031E+04  1.552935E+03  6.470561E+01  1.725483E+02  1.013721E+03  0.000000E+00  6.470561E+01  0.000000E+00
7.852877E-02  4.763954E+05  1.989723E+04  1.222499E+03  6.323273E+01  6.323273E+01  9.274134E+02  0.000000E+00  4.215515E+01  0.000000E+00
8.035794E-02  4.723898E+05  1.851742E+04  1.544834E+03  1.029890E+02  8.239117E+01  1.277063E+03  0.000000E+00  0.000000E+00  0.000000E+00
8.222971E-02  4.659445E+05  1.857900E+04  1.308380E+03  8.051572E+01  8.051572E+01  1.368767E+03  0.000000E+00  2.012893E+01  0.000000E+00
8.414509E-02  4.539416E+05  1.717256E+04  1.376952E+03  5.901222E+01  7.868296E+01  1.081891E+03  0.000000E+00  0.000000E+00  0.000000E+00
8.610508E-02  4.383800E+05  1.722379E+04  1.499392E+03  1.922298E+01  1.153379E+02  1.287940E+03  0.000000E+00  3.844596E+01  0.000000E+00
8.811073E-02  4.355961E+05  1.824063E+04  1.314979E+03  3.757082E+01  7.514164E+01  8.453434E+02  0.000000E+00  7.514164E+01  0.000000E+00
9.016309E-02  4.228903E+05  1.716454E+04  1.266688E+03  3.671560E+01  1.285046E+02  8.261011E+02  0.000000E+00  3.671560E+01  0.000000E+00
9.226326E-02  4.083845E+05  1.693529E+04  1.130215E+03  3.587985E+01  1.435194E+02  9.687561E+02  0.000000E+00  1.793993E+01  0.000000E+00
9.441234E-02  3.974932E+05  1.581347E+04  1.437588E+03  8.765782E+01  7.012626E+01  8.415151E+02  0.000000E+00  3.506313E+01  0.000000E+00
9.661149E-02  3.971998E+05  1.639580E+04  1.182142E+03  3.426499E+01  6.852999E+01  6.681674E+02  0.000000E+00  0.000000E+00  0.000000E+00
9.886186E-02  3.821479E+05  1.555380E+04  1.339401E+03  1.004551E+02  5.022754E+01  8.706107E+02  0.000000E+00  0.000000E+00  0.000000E+00
1.011646E-01  3.745781E+05  1.605054E+04  1.145299E+03  4.908422E+01  6.544563E+01  1.145299E+03  0.000000E+00  1.636141E+01  0.000000E+00
1.035211E-01  3.683061E+05  1.470986E+04  1.183184E+03  1.598898E+01  1.439008E+02  1.007306E+03  0.000000E+00  0.000000E+00  0.000000E+00
1.059324E-01  3.576880E+05  1.537502E+04  1.343752E+03  3.125005E+01  1.562502E+02  9.843765E+02  0.000000E+00  0.000000E+00  0.000000E+00
1.083999E-01  3.511188E+05  1.502504E+04  1.038316E+03  4.580806E+01  1.374242E+02  8.550838E+02  0.000000E+00  1.526935E+01  0.000000E+00
1.109248E-01  3.392318E+05  1.407124E+04  1.119134E+03  7.460891E+01  1.790614E+02  7.162455E+02  0.000000E+00  1.492178E+01  0.000000E+00
1.135086E-01  3.300809E+05  1.389676E+04  1.006166E+03  4.374636E+01  1.020748E+02  7.291060E+02  0.000000E+00  1.458212E+01  0.000000E+00
1.161526E-01  3.243201E+05  1.382268E+04  1.097265E+03  7.125095E+01  8.550114E+01  8.550114E+02  0.000000E+00  1.425019E+01  0.000000E+00
1.188581E-01  3.185670E+05  1.321560E+04  1.169769E+03  9.748072E+01  6.962908E+01  6.545134E+02  0.000000E+00  1.392582E+01  0.000000E+00
1.216267E-01  3.125131E+05  1.343191E+04  9.390090E+02  5.443531E+01  1.088706E+02  6.804413E+02  0.000000E+00  2.721765E+01  0.000000E+00
1.244597E-01  3.017156E+05  1.268730E+04  9.442327E+02  2.659810E+01  6.649526E+01  8.644384E+02  0.000000E+00  1.329905E+01  0.000000E+00
1.273587E-01  2.997603E+05  1.294434E+04  8.707540E+02  5.198531E+01  9.097430E+01  7.018017E+02  0.000000E+00  0.000000E+00  0.000000E+00
1.303253E-01  2.908541E+05  1.223058E+04  1.092243E+03  3.810149E+01  5.080198E+01  7.366288E+02  0.000000E+00  2.540099E+01  0.000000E+00
1.333610E-01  2.866785E+05  1.290785E+04  7.819180E+02  1.117026E+02  1.117026E+02  6.950382E+02  0.000000E+00  2.482279E+01  0.000000E+00
1.364674E-01  2.800558E+05  1.153456E+04  8.854082E+02  1.212888E+01  1.698043E+02  7.034750E+02  0.000000E+00  1.212888E+01  0.000000E+00
1.396461E-01  2.698288E+05  1.198317E+04  7.704315E+02  5.926396E+01  7.111675E+01  7.941371E+02  0.000000E+00  3.555838E+01  0.000000E+00
1.428989E-01  2.645555E+05  1.142083E+04  1.100384E+03  8.108093E+01  1.042469E+02  7.413113E+02  0.000000E+00  1.158299E+01  0.000000E+00
1.462274E-01  2.599484E+05  1.117218E+04  8.715883E+02  4.527731E+01  3.395799E+01  5.999244E+02  0.000000E+00  0.000000E+00  0.000000E+00
1.496335E-01  2.528366E+05  1.183599E+04  7.521935E+02  4.424668E+01  8.849335E+01  5.198985E+02  0.000000E+00  1.106167E+01  0.000000E+00
1.531189E-01  2.487352E+05  1.057206E+04  7.675011E+02  6.485925E+01  9.728888E+01  6.053530E+02  0.000000E+00  1.080988E+01  0.000000E+00
1.566855E-01  2.417845E+05  1.041592E+04  8.873602E+02  5.281906E+01  8.451050E+01  5.598820E+02  0.000000E+00  1.056381E+01  0.000000E+00
1.603352E-01  2.393159E+05  1.019947E+04  8.568381E+02  2.064670E+01  6.194010E+01  5.471376E+02  0.000000E+00  4.129340E+01  0.000000E+00
1.640699E-01  2.328394E+05  1.014889E+04  7.465388E+02  4.035345E+01  4.035345E+01  5.145065E+02  0.000000E+00  0.000000E+00  0.000000E+00
1.678915E-01  2.269379E+05  1.017420E+04  6.999693E+02  4.929362E+01  6.901106E+01  6.112408E+02  0.000000E+00  1.971745E+01  0.000000E+00
1.718022E-01  2.222154E+05  9.923341E+03  7.803792E+02  5.780587E+01  7.707449E+01  5.684244E+02  0.000000E+00  9.634311E+00  0.000000E+00
1.758040E-01  2.176279E+05  9.979908E+03  7.814456E+02  2.824502E+01  7.532006E+01  6.119755E+02  0.000000E+00  1.883002E+01  0.000000E+00
1.798990E-01  2.112756E+05  9.623928E+03  7.360557E+02  7.360557E+01  7.360557E+01  5.704431E+02  0.000000E+00  2.760209E+01  0.000000E+00
1.840894E-01  2.049918E+05  9.809467E+03  6.833359E+02  3.596505E+01  4.495631E+01  5.125020E+02  0.000000E+00  1.798252E+01  0.000000E+00
1.883774E-01  2.005277E+05  9.744335E+03  7.556473E+02  3.514639E+01  4.393298E+01  5.623422E+02  0.000000E+00  8.786596E+00  0.000000E+00
1.927653E-01  1.943231E+05  9.110371E+03  7.470332E+02  4.293294E+01  1.202122E+02  5.237819E+02  0.000000E+00  0.000000E+00  0.000000E+00
1.972553E-01  1.917122E+05  9.440026E+03  6.712907E+02  2.517340E+01  5.034681E+01  5.202503E+02  0.000000E+00  1.678227E+01  0.000000E+00
2.018500E-01  1.864627E+05  8.569135E+03  6.806107E+02  4.100064E+01  7.380116E+01  6.150097E+02  0.000000E+00  0.000000E+00  0.000000E+00
2.065517E-01  1.828354E+05  8.790778E+03  8.654549E+02  4.006736E+01  4.006736E+01  4.808083E+02  0.000000E+00  8.013471E+00  0.000000E+00
2.113629E-01  1.797307E+05  8.418392E+03  7.674441E+02  0.000000E+00  3.915531E+01  7.674441E+02  0.000000E+00  0.000000E+00  0.000000E+00
2.162862E-01  1.765732E+05  8.364516E+03  7.423221E+02  6.122244E+01  6.887525E+01  5.586548E+02  0.000000E+00  7.652805E+00  0.000000E+00
2.213241E-01  1.708263E+05  8.473261E+03  5.908099E+02  2.991443E+01  6.730746E+01  4.337592E+02  0.000000E+00  7.478606E+00  0.000000E+00
2.264794E-01  1.672667E+05  8.039210E+03  6.577535E+02  3.654186E+01  7.308372E+01  5.481279E+02  0.000000E+00  7.308372E+00  0.000000E+00
2.317548E-01  1.646448E+05  8.041907E+03  5.927871E+02  2.142604E+01  6.427812E+01  4.285208E+02  0.000000E+00  1.428403E+01  0.000000E+00
2.371531E-01  1.590126E+05  7.977502E+03  6.839853E+02  1.395888E+01  3.489721E+01  5.094992E+02  0.000000E+00  2.093832E+01  0.000000E+00
2.426771E-01  1.575552E+05  7.850476E+03  6.411336E+02  3.410285E+01  1.295908E+02  4.092342E+02  0.000000E+00  0.000000E+00  0.000000E+00
2.483298E-01  1.529223E+05  7.371838E+03  5.465558E+02  4.665720E+01  8.664909E+01  5.732171E+02  0.000000E+00  6.665315E+00  0.000000E+00
2.541141E-01  1.500081E+05  7.542742E+03  5.341147E+02  1.954078E+01  7.816313E+01  3.843020E+02  0.000000E+00  1.302719E+01  0.000000E+00
2.600332E-01  1.443210E+05  7.485624E+03  6.365326E+02  5.728794E+01  5.092261E+01  3.691889E+02  0.000000E+00  1.909598E+01  0.000000E+00
2.660901E-01  1.445504E+05  7.321451E+03  5.411777E+02  1.866130E+01  6.220434E+01  4.229895E+02  0.000000E+00  6.220434E+00  0.000000E+00
2.722882E-01  1.392784E+05  7.112242E+03  6.747512E+02  6.078839E+01  6.686723E+01  5.167014E+02  0.000000E+00  1.215768E+01  0.000000E+00
2.786306E-01  1.367199E+05  6.296896E+03  5.287017E+02  2.970234E+01  4.158328E+01  4.514756E+02  0.000000E+00  5.940468E+00  0.000000E+00
2.851207E-01  1.334104E+05  6.710865E+03  5.108617E+02  6.385771E+01  5.805247E+01  4.295882E+02  0.000000E+00  5.805247E+00  0.000000E+00
2.917620E-01  1.300389E+05  6.858782E+03  5.729834E+02  3.403862E+01  5.673103E+01  4.481751E+02  0.000000E+00  0.000000E+00  0.000000E+00
2.985580E-01  1.272230E+05  6.541882E+03  5.543967E+02  2.217587E+01  3.326380E+01  3.603579E+02  0.000000E+00  5.543967E+00  0.000000E+00
3.055124E-01  1.239694E+05  6.365881E+03  4.875994E+02  5.417771E+00  4.334217E+01  4.225862E+02  0.000000E+00  5.417771E+00  0.000000E+00
3.126287E-01  1.214546E+05  6.512171E+03  4.870892E+02  1.058890E+01  5.823893E+01  4.182614E+02  0.000000E+00  5.294448E+00  0.000000E+00
3.199107E-01  1.165273E+05  6.508806E+03  4.708278E+02  5.173931E+00  4.139145E+01  3.932188E+02  0.000000E+00  1.552179E+01  0.000000E+00
3.273624E-01  1.167669E+05  6.208963E+03  5.258405E+02  2.022463E+01  6.067390E+01  3.842680E+02  0.000000E+00  5.056158E+00  0.000000E+00
3.349876E-01  1.133332E+05  5.939162E+03  5.089298E+02  3.952853E+01  4.446960E+01  3.359925E+02  0.000000E+00  0.000000E+00  0.000000E+00
3.427905E-01  1.110818E+05  6.006771E+03  4.007733E+02  3.380016E+01  2.897156E+01  4.104305E+02  0.000000E+00  1.448578E+01  0.000000E+00
3.507751E-01  1.077841E+05  5.931383E+03  4.765868E+02  9.437363E+00  5.190550E+01  4.294000E+02  0.000000E+00  0.000000E+00  0.000000E+00
3.589457E-01  1.048188E+05  5.902427E+03  4.196257E+02  2.305636E+01  8.300288E+01  3.642904E+02  0.000000E+00  9.222543E+00  0.000000E+00
3.673066E-01  1.020949E+05  5.659920E+03  4.145801E+02  1.802522E+01  5.858198E+01  3.650108E+02  0.000000E+00  9.012612E+00  0.000000E+00
3.758623E-01  1.002861E+05  5.539892E+03  3.919320E+02  1.321119E+01  3.082611E+01  4.227581E+02  0.000000E+00  4.403730E+00  0.000000E+00
3.846173E-01  9.880380E+04  5.461127E+03  3.873140E+02  2.582093E+01  4.303489E+01  3.571896E+02  0.000000E+00  4.303489E+00  0.000000E+00
3.935762E-01  9.652111E+04  5.202240E+03  4.541972E+02  2.523318E+01  5.046635E+01  3.238258E+02  0.000000E+00  1.261659E+01  0.000000E+00
4.027437E-01  9.452951E+04  5.145469E+03  4.356388E+02  2.465880E+01  4.109800E+01  2.876860E+02  0.000000E+00  8.219600E+00  0.000000E+00
4.121248E-01  9.193195E+04  5.140799E+03  4.498199E+02  1.606500E+01  5.221124E+01  2.771212E+02  0.000000E+00  8.032499E+00  0.000000E+00
4.217245E-01  9.039665E+04  5.149375E+03  4.356560E+02  2.747380E+01  6.279725E+01  3.610842E+02  0.000000E+00  7.849657E+00  0.000000E+00
4.315477E-01  8.723818E+04  5.177909E+03  4.871070E+02  2.684842E+01  3.451940E+01  3.221810E+02  0.000000E+00  0.000000E+00  0.000000E+00
4.415997E-01  8.686787E+04  4.868888E+03  3.860627E+02  3.373364E+01  1.874091E+01  3.298400E+02  0.000000E+00  1.124455E+01  0.000000E+00
4.518859E-01  8.405172E+04  4.780036E+03  3.846006E+02  2.197718E+01  2.930290E+01  2.344232E+02  0.000000E+00  3.662863E+00  0.000000E+00
4.624117E-01  8.259306E+04  4.671229E+03  4.295383E+02  2.505640E+01  3.937435E+01  3.149948E+02  0.000000E+00  1.073846E+01  0.000000E+00
4.731826E-01  8.038420E+04  4.771282E+03  4.582389E+02  2.448605E+01  1.749003E+01  3.637927E+02  0.000000E+00  3.498007E+00  0.000000E+00
4.842045E-01  7.792545E+04  4.751552E+03  3.452566E+02  1.025515E+01  2.051030E+01  3.213280E+02  0.000000E+00  6.836765E+00  0.000000E+00
4.954830E-01  7.678302E+04  4.559879E+03  3.574411E+02  3.340571E+01  4.008685E+01  2.538834E+02  0.000000E+00  6.681141E+00  0.000000E+00
5.070243E-01  7.395140E+04  4.472406E+03  3.427757E+02  1.305812E+01  3.590983E+01  2.676915E+02  0.000000E+00  0.000000E+00  0.000000E+00
5.188344E-01  7.259346E+04  4.338700E+03  3.317829E+02  2.871198E+01  3.190220E+01  2.679785E+02  0.000000E+00  3.190220E+00  0.000000E+00
5.309196E-01  7.148973E+04  4.364643E+03  3.834650E+02  2.182321E+01  3.741122E+01  2.899370E+02  0.000000E+00  3.117602E+00  0.000000E+00
5.432863E-01  6.945418E+04  4.353644E+03  3.412233E+02  1.827982E+01  7.616592E+01  2.254511E+02  0.000000E+00  3.046637E+00  0.000000E+00
5.559411E-01  6.769159E+04  4.171179E+03  3.215470E+02  1.488643E+01  2.084101E+01  2.798650E+02  0.000000E+00  0.000000E+00  0.000000E+00
5.688906E-01  6.704106E+04  4.151879E+03  3.171372E+02  2.909515E+01  2.909515E+01  2.473088E+02  0.000000E+00  2.909515E+00  0.000000E+00
5.821418E-01  6.495204E+04  4.199535E+03  3.156048E+02  1.705972E+01  3.411944E+01  2.331495E+02  0.000000E+00  2.843287E+00  0.000000E+00
5.957016E-01  6.366528E+04  3.959456E+03  3.250922E+02  2.222853E+01  4.445705E+01  2.417352E+02  0.000000E+00  5.557131E+00  0.000000E+00
6.095773E-01  6.202057E+04  4.007809E+03  3.258381E+02  1.629191E+01  4.887572E+01  2.090795E+02  0.000000E+00  5.430636E+00  0.000000E+00
6.237762E-01  6.049471E+04  3.887392E+03  3.688378E+02  1.592106E+01  1.857457E+01  2.308553E+02  0.000000E+00  5.307019E+00  0.000000E+00
6.383058E-01  5.951184E+04  3.630352E+03  2.593108E+02  2.593108E+01  3.630352E+01  2.567177E+02  0.000000E+00  0.000000E+00  0.000000E+00
6.531738E-01  5.826868E+04  3.666817E+03  2.914194E+02  1.013633E+01  2.280674E+01  2.255333E+02  0.000000E+00  2.534082E+00  0.000000E+00
6.683882E-01  5.586757E+04  3.561062E+03  2.303051E+02  1.485840E+01  3.466959E+01  2.550691E+02  0.000000E+00  0.000000E+00  0.000000E+00
6.839570E-01  5.589784E+04  3.656665E+03  2.420030E+02  2.178027E+01  3.146038E+01  2.662033E+02  0.000000E+00  4.840059E+00  0.000000E+00
6.998884E-01  5.437477E+04  3.542685E+03  2.672386E+02  1.182471E+01  2.128449E+01  2.506840E+02  0.000000E+00  7.094829E+00  0.000000E+00
7.161909E-01  5.319251E+04  3.436621E+03  2.958221E+02  1.848888E+01  3.235554E+01  2.287999E+02  0.000000E+00  4.622221E+00  0.000000E+00
7.328731E-01  5.123414E+04  3.444217E+03  2.981224E+02  3.161904E+01  1.580952E+01  1.897143E+02  0.000000E+00  4.517006E+00  0.000000E+00
7.499439E-01  5.058878E+04  3.178214E+03  2.405732E+02  2.207093E+01  3.972768E+01  1.655320E+02  0.000000E+00  2.207093E+00  0.000000E+00
7.674123E-01  4.904254E+04  3.036850E+03  2.523519E+02  1.294112E+01  3.019595E+01  2.243128E+02  0.000000E+00  2.156854E+00  0.000000E+00
7.852877E-01  4.829084E+04  3.294425E+03  2.423921E+02  1.686206E+01  3.161636E+01  2.213146E+02  0.000000E+00  2.107758E+00  0.000000E+00
8.035794E-01  4.709273E+04  3.235913E+03  2.780702E+02  1.853801E+01  1.235868E+01  2.100975E+02  2.059779E+00  4.119558E+00  0.000000E+00
8.222971E-01  4.659042E+04  3.162255E+03  2.415472E+02  1.409025E+01  1.207736E+01  1.831733E+02  0.000000E+00  2.012893E+00  0.000000E+00
8.414509E-01  4.507353E+04  3.035195E+03  2.380159E+02  1.376952E+01  1.967074E+01  2.045757E+02  0.000000E+00  7.868296E+00  0.000000E+00
8.610508E-01  4.435702E+04  3.069910E+03  2.287534E+02  1.345608E+01  2.883447E+01  1.826183E+02  0.000000E+00  0.000000E+00  0.000000E+00
8.811073E-01  4.300168E+04  3.024451E+03  2.047610E+02  1.878541E+01  1.502833E+01  2.085180E+02  0.000000E+00  3.757082E+00  0.000000E+00
9.016309E-01  4.203202E+04  2.867489E+03  2.221294E+02  5.507340E+00  2.386514E+01  2.001000E+02  0.000000E+00  5.507340E+00  0.000000E+00
9.226326E-01  4.055859E+04  2.900886E+03  2.350130E+02  1.076396E+01  4.126183E+01  1.991332E+02  0.000000E+00  0.000000E+00  0.000000E+00
9.441234E-01  4.041902E+04  2.869917E+03  1.858346E+02  1.227210E+01  2.103788E+01  1.612904E+02  0.000000E+00  1.753156E+00  0.000000E+00
9.661149E-01  3.965317E+04  2.826862E+03  2.724067E+02  1.370600E+01  3.255174E+01  1.713250E+02  0.000000E+00  1.713250E+00  0.000000E+00
9.886186E-01  3.814280E+04  2.683825E+03  2.193269E+02  1.171976E+01  1.674251E+01  1.624024E+02  0.000000E+00  5.022754E+00  0.000000E+00
1.011646E+00  3.707659E+04  2.658729E+03  2.110622E+02  1.799755E+01  1.145299E+01  1.832478E+02  0.000000E+00  6.544563E+00  0.000000E+00
1.035211E+00  3.666272E+04  2.692544E+03  2.206479E+02  6.395591E+00  2.398347E+01  1.486975E+02  0.000000E+00  6.395591E+00  0.000000E+00
1.059324E+00  3.600787E+04  2.542191E+03  1.953128E+02  1.093752E+01  1.718753E+01  1.781253E+02  0.000000E+00  3.125005E+00  0.000000E+00
1.083999E+00  3.507676E+04  2.534713E+03  1.786514E+02  1.985016E+01  1.679629E+01  1.511666E+02  0.000000E+00  6.107742E+00  0.000000E+00
1.109248E+00  3.410970E+04  2.450157E+03  1.641396E+02  7.460891E+00  1.641396E+01  1.760770E+02  0.000000E+00  7.460891E+00  0.000000E+00
1.135086E+00  3.375615E+04  2.443963E+03  2.245647E+02  1.458212E+00  2.624782E+01  1.283227E+02  0.000000E+00  0.000000E+00  0.000000E+00
1.161526E+00  3.243201E+04  2.349856E+03  2.137529E+02  8.550114E+00  1.282517E+01  1.738523E+02  0.000000E+00  2.850038E+00  0.000000E+00
1.188581E+00  3.171326E+04  2.459299E+03  1.963540E+02  1.392582E+01  2.924421E+01  1.517914E+02  0.000000E+00  2.785163E+00  0.000000E+00
1.216267E+00  3.103493E+04  2.284922E+03  1.823583E+02  1.088706E+01  1.633059E+01  1.633059E+02  0.000000E+00  1.360883E+00  0.000000E+00
1.244597E+00  3.055324E+04  2.337973E+03  1.782073E+02  6.649526E+00  9.309336E+00  1.369802E+02  0.000000E+00  2.659810E+00  0.000000E+00
1.273587E+00  2.992924E+04  2.413418E+03  1.767501E+02  1.169670E+01  1.559559E+01  1.520570E+02  0.000000E+00  3.898898E+00  0.000000E+00
1.303253E+00  2.901047E+04  2.146384E+03  2.006678E+02  7.620297E+00  1.397055E+01  1.231948E+02  0.000000E+00  2.540099E+00  0.000000E+00
1.333610E+00  2.868274E+04  2.091320E+03  1.886532E+02  9.929118E+00  2.109938E+01  1.638304E+02  1.241140E+00  3.723419E+00  0.000000E+00
1.364674E+00  2.770721E+04  2.098296E+03  1.867847E+02  1.334177E+01  1.212888E+01  1.394821E+02  0.000000E+00  2.425776E+00  0.000000E+00
1.396461E+00  2.744988E+04  2.054089E+03  1.825330E+02  9.482234E+00  1.540863E+01  1.446041E+02  0.000000E+00  3.555838E+00  0.000000E+00
1.428989E+00  2.657949E+04  2.138220E+03  1.737448E+02  5.791495E+00  1.737448E+01  1.135133E+02  0.000000E+00  2.316598E+00  0.000000E+00
1.462274E+00  2.604351E+04  2.122374E+03  1.516790E+02  1.471513E+01  1.131933E+01  1.301723E+02  0.000000E+00  2.263866E+00  0.000000E+00
1.496335E+00  2.533233E+04  2.016542E+03  1.791990E+02  7.743169E+00  2.101717E+01  1.238907E+02  0.000000E+00  2.212334E+00  0.000000E+00
1.531189E+00  2.476650E+04  2.013880E+03  1.599862E+02  7.566913E+00  2.161975E+01  1.221516E+02  0.000000E+00  3.242963E+00  0.000000E+00
1.566855E+00  2.389851E+04  1.962756E+03  1.669082E+02  8.451050E+00  1.373296E+01  1.235966E+02  0.000000E+00  2.112762E+00  0.000000E+00
1.603352E+00  2.343607E+04  1.908788E+03  1.662059E+02  5.161675E+00  2.374371E+01  1.249125E+02  0.000000E+00  1.032335E+00  0.000000E+00
1.640699E+00  2.292782E+04  1.854241E+03  1.654491E+02  7.061854E+00  2.017672E+01  1.139985E+02  0.000000E+00  1.008836E+00  0.000000E+00
1.678915E+00  2.247887E+04  1.765697E+03  1.114036E+02  4.929362E+00  5.915234E+00  1.104177E+02  0.000000E+00  5.915234E+00  0.000000E+00
1.718022E+00  2.196719E+04  1.750554E+03  1.281363E+02  6.744018E+00  1.156117E+01  1.204289E+02  0.000000E+00  1.926862E+00  0.000000E+00
1.758040E+00  2.138901E+04  1.781319E+03  1.280441E+02  5.649005E+00  1.223951E+01  1.129801E+02  0.000000E+00  2.824502E+00  0.000000E+00
1.798990E+00  2.111100E+04  1.722370E+03  1.435309E+02  3.680278E+00  1.104083E+01  1.177689E+02  0.000000E+00  1.840139E+00  0.000000E+00
1.840894E+00  2.052525E+04  1.679568E+03  1.375663E+02  1.078951E+01  1.348689E+01  1.249785E+02  0.000000E+00  8.991262E-01  0.000000E+00
1.883774E+00  2.023026E+04  1.716901E+03  1.379496E+02  8.786596E+00  1.317989E+01  1.028032E+02  0.000000E+00  0.000000E+00  0.000000E+00
1.927653E+00  1.958000E+04  1.682971E+03  1.519826E+02  4.293294E+00  1.803184E+01  1.150603E+02  0.000000E+00  0.000000E+00  0.000000E+00
1.972553E+00  1.934408E+04  1.607741E+03  1.325799E+02  5.873794E+00  1.006936E+01  9.817627E+01  0.000000E+00  8.391134E-01  0.000000E+00
2.018500E+00  1.899806E+04  1.608865E+03  1.254620E+02  5.740090E+00  1.066017E+01  9.102143E+01  0.000000E+00  8.200129E-01  0.000000E+00
2.065517E+00  1.850471E+04  1.524162E+03  1.274142E+02  7.212124E+00  8.013471E+00  1.041751E+02  0.000000E+00  1.602694E+00  0.000000E+00
2.113629E+00  1.798168E+04  1.534888E+03  1.315618E+02  2.349319E+00  9.397275E+00  1.135504E+02  0.000000E+00  1.566212E+00  0.000000E+00
2.162862E+00  1.740324E+04  1.582600E+03  1.293324E+02  3.826403E+00  1.683617E+01  9.336423E+01  0.000000E+00  3.826403E+00  0.000000E+00
2.213241E+00  1.689642E+04  1.531619E+03  1.293799E+02  7.478606E+00  5.982885E+00  9.348258E+01  0.000000E+00  1.495721E+00  0.000000E+00
2.264794E+00  1.653446E+04  1.483600E+03  1.169340E+02  5.846698E+00  1.827093E+01  9.062382E+01  0.000000E+00  0.000000E+00  0.000000E+00
2.317548E+00  1.639735E+04  1.434831E+03  1.235568E+02  6.427812E+00  9.284618E+00  7.784795E+01  0.000000E+00  1.428403E+00  0.000000E+00
2.371531E+00  1.612460E+04  1.425900E+03  1.207443E+02  4.187665E+00  9.073274E+00  8.235741E+01  0.000000E+00  2.791777E+00  0.000000E+00
2.426771E+00  1.564298E+04  1.407084E+03  9.412387E+01  4.092342E+00  1.500525E+01  8.457507E+01  0.000000E+00  2.046171E+00  0.000000E+00
2.483298E+00  1.540888E+04  1.328397E+03  1.153099E+02  6.665315E+00  1.133104E+01  8.198337E+01  0.000000E+00  3.332657E+00  0.000000E+00
2.541141E+00  1.471225E+04  1.299462E+03  1.172447E+02  6.513594E+00  9.770391E+00  8.858488E+01  0.000000E+00  0.000000E+00  0.000000E+00
2.600332E+00  1.451167E+04  1.305528E+03  1.018452E+02  8.911457E+00  8.911457E+00  8.274924E+01  0.000000E+00  3.182663E+00  0.000000E+00
2.660901E+00  1.420436E+04  1.268968E+03  1.020151E+02  1.057474E+01  9.952694E+00  7.464521E+01  0.000000E+00  2.488174E+00  0.000000E+00
2.722882E+00  1.400078E+04  1.251025E+03  9.908508E+01  2.431536E+00  8.510375E+00  7.233819E+01  0.000000E+00  1.215768E+00  0.000000E+00
2.786306E+00  1.366961E+04  1.237400E+03  9.504749E+01  6.534515E+00  8.316655E+00  7.603799E+01  0.000000E+00  1.188094E+00  0.000000E+00
2.851207E+00  1.332014E+04  1.217941E+03  9.578657E+01  2.902623E+00  7.546821E+00  7.372663E+01  0.000000E+00  0.000000E+00  0.000000E+00
2.917620E+00  1.290688E+04  1.164121E+03  9.417351E+01  5.673103E+00  1.021159E+01  7.942344E+01  0.000000E+00  1.134621E+00  0.000000E+00
2.985580E+00  1.248335E+04  1.279548E+03  8.981227E+01  8.870348E+00  6.652761E+00  7.151718E+01  0.000000E+00  1.108793E+00  0.000000E+00
3.055124E+00  1.238448E+04  1.155611E+03  1.078136E+02  3.792440E+00  1.191910E+01  7.259814E+01  0.000000E+00  1.083554E+00  0.000000E+00
3.126287E+00  1.205493E+04  1.102833E+03  9.106450E+01  5.294448E+00  6.882782E+00  6.776893E+01  0.000000E+00  5.294448E-01  0.000000E+00
3.199107E+00  1.187521E+04  1.094804E+03  1.003743E+02  5.691325E+00  7.243504E+00  6.519154E+01  0.000000E+00  1.034786E+00  0.000000E+00
3.273624E+00  1.152400E+04  1.078984E+03  9.101085E+01  4.044927E+00  8.595469E+00  7.179745E+01  0.000000E+00  0.000000E+00  0.000000E+00
3.349876E+00  1.130467E+04  1.054918E+03  8.646866E+01  7.411599E+00  8.399813E+00  5.533994E+01  0.000000E+00  2.964640E+00  0.000000E+00
3.427905E+00  1.098843E+04  1.078708E+03  8.498325E+01  4.345734E+00  1.110577E+01  6.566888E+01  0.000000E+00  9.657188E-01  0.000000E+00
3.507751E+00  1.076803E+04  1.074444E+03  8.823935E+01  5.662418E+00  7.549891E+00  6.700528E+01  0.000000E+00  2.359341E+00  0.000000E+00
3.589457E+00  1.063451E+04  9.886566E+02  8.623077E+01  3.227890E+00  8.761415E+00  6.179104E+01  0.000000E+00  0.000000E+00  0.000000E+00
3.673066E+00  1.029556E+04  9.638988E+02  7.390342E+01  5.407567E+00  8.111351E+00  6.353891E+01  0.000000E+00  1.351892E+00  0.000000E+00
3.758623E+00  1.016029E+04  9.868759E+02  7.354229E+01  1.321119E+00  9.688206E+00  5.724849E+01  0.000000E+00  1.321119E+00  0.000000E+00
3.846173E+00  9.891569E+03  9.558049E+02  6.928617E+01  4.733838E+00  6.885582E+00  5.250256E+01  0.000000E+00  0.000000E+00  0.000000E+00
3.935762E+00  9.512066E+03  9.306837E+02  7.065289E+01  2.523318E+00  5.467188E+00  5.971852E+01  0.000000E+00  1.261659E+00  0.000000E+00
4.027437E+00  9.381851E+03  9.000462E+02  6.493484E+01  3.287840E+00  6.986660E+00  5.342740E+01  0.000000E+00  4.109800E-01  0.000000E+00
4.121248E+00  9.184761E+03  8.610839E+02  6.787461E+01  4.819499E+00  8.434124E+00  6.064537E+01  0.000000E+00  1.606500E+00  0.000000E+00
4.217245E+00  9.028675E+03  9.007481E+02  7.182436E+01  7.849657E-01  3.924828E+00  4.788291E+01  0.000000E+00  3.924828E-01  0.000000E+00
4.315477E+00  8.715380E+03  8.334516E+02  7.249073E+01  2.684842E+00  4.986135E+00  4.871070E+01  0.000000E+00  3.835488E-01  0.000000E+00
4.415997E+00  8.439407E+03  8.733264E+02  6.596800E+01  5.622273E+00  7.496364E+00  5.060046E+01  0.000000E+00  1.499273E+00  0.000000E+00
4.518859E+00  8.348031E+03  8.604065E+02  6.300124E+01  2.564004E+00  2.930290E+00  5.164637E+01  0.000000E+00  3.662863E-01  0.000000E+00
4.624117E+00  8.155501E+03  8.461905E+02  6.693639E+01  3.579486E+00  5.727178E+00  5.548203E+01  0.000000E+00  7.158972E-01  0.000000E+00
4.731826E+00  8.035622E+03  8.038420E+02  6.016572E+01  3.498007E+00  6.996014E+00  5.806692E+01  0.000000E+00  6.996014E-01  0.000000E+00
4.842045E+00  7.797673E+03  7.759729E+02  6.289824E+01  3.418383E+00  5.811250E+00  5.332677E+01  0.000000E+00  6.836765E-01  0.000000E+00
4.954830E+00  7.593785E+03  7.823617E+02  6.714547E+01  4.342742E+00  3.340571E+00  4.509770E+01  0.000000E+00  1.002171E+00  0.000000E+00
5.070243E+00  7.437252E+03  7.681439E+02  5.974090E+01  2.285171E+00  3.917436E+00  4.472406E+01  0.000000E+00  1.305812E+00  0.000000E+00
5.188344E+00  7.281359E+03  7.391740E+02  6.093321E+01  3.509242E+00  7.337507E+00  4.881037E+01  0.000000E+00  0.000000E+00  0.000000E+00
5.309196E+00  7.091921E+03  7.451069E+02  5.081691E+01  3.429362E+00  5.923444E+00  4.458171E+01  0.000000E+00  9.352806E-01  0.000000E+00
5.432863E+00  7.025849E+03  7.217482E+02  5.605812E+01  4.569955E+00  8.530583E+00  4.509022E+01  0.000000E+00  3.046637E-01  0.000000E+00
5.559411E+00  6.812925E+03  7.017465E+02  5.388889E+01  3.870473E+00  5.954574E+00  4.376612E+01  0.000000E+00  8.931860E-01  0.000000E+00
5.688906E+00  6.658135E+03  6.799538E+02  5.353508E+01  1.745709E+00  6.109983E+00  4.131512E+01  0.000000E+00  2.909515E-01  0.000000E+00
5.821418E+00  6.574816E+03  6.624858E+02  4.634558E+01  1.137315E+00  4.264930E+00  3.696273E+01  0.000000E+00  2.843287E-01  0.000000E+00
5.957016E+00  6.334852E+03  6.693565E+02  4.334563E+01  3.889992E+00  3.889992E+00  4.167849E+01  0.000000E+00  2.778566E-01  0.000000E+00
6.095773E+00  6.154268E+03  6.361990E+02  5.484942E+01  2.443786E+00  5.973699E+00  3.801445E+01  0.000000E+00  2.715318E-01  0.000000E+00
6.237762E+00  6.107318E+03  5.991625E+02  3.953729E+01  2.388159E+00  5.041668E+00  3.874124E+01  0.000000E+00  1.061404E+00  0.000000E+00
6.383058E+00  5.911509E+03  6.456840E+02  5.056561E+01  4.408284E+00  5.964149E+00  4.330491E+01  0.000000E+00  7.779325E-01  0.000000E+00
6.531738E+00  5.861332E+03  6.066592E+02  3.775782E+01  2.280674E+00  4.307939E+00  3.598397E+01  0.000000E+00  5.068164E-01  0.000000E+00
6.683882E+00  5.637275E+03  6.025079E+02  5.175675E+01  2.476399E+00  5.943358E+00  2.946915E+01  0.000000E+00  4.952799E-01  0.000000E+00
6.839570E+00  5.478221E+03  5.955693E+02  4.840059E+01  2.420030E+00  3.388041E+00  3.339641E+01  0.000000E+00  7.260089E-01  0.000000E+00
6.998884E+00  5.399165E+03  5.687688E+02  4.990030E+01  2.128449E+00  6.148852E+00  2.577788E+01  0.000000E+00  2.364943E-01  0.000000E+00
7.161909E+00  5.225651E+03  5.773154E+02  4.645332E+01  1.617777E+00  3.697776E+00  3.674665E+01  0.000000E+00  4.622221E-01  0.000000E+00
7.328731E+00  5.127931E+03  5.456543E+02  3.771700E+01  2.936054E+00  3.613605E+00  3.184489E+01  0.000000E+00  4.517006E-01  0.000000E+00
7.499439E+00  5.067265E+03  5.535390E+02  4.679038E+01  2.869221E+00  3.310640E+00  3.376853E+01  0.000000E+00  8.828373E-01  0.000000E+00
7.674123E+00  4.903175E+03  5.400761E+02  4.292139E+01  1.509798E+00  4.529393E+00  3.645083E+01  0.000000E+00  6.470561E-01  0.000000E+00
7.852877E+00  4.811378E+03  5.322088E+02  4.700300E+01  1.475430E+00  5.058618E+00  3.035171E+01  0.000000E+00  4.215515E-01  0.000000E+00
8.035794E+00  4.684144E+03  5.114432E+02  4.510916E+01  1.647823E+00  3.501625E+00  2.863093E+01  0.000000E+00  8.239117E-01  0.000000E+00
8.222971E+00  4.628245E+03  5.150993E+02  4.025786E+01  1.207736E+00  4.025786E+00  2.818050E+01  0.000000E+00  4.025786E-01  0.000000E+00
8.414509E+00  4.493387E+03  4.935388E+02  3.816123E+01  1.376952E+00  2.950611E+00  2.970282E+01  0.000000E+00  0.000000E+00  0.000000E+00
8.610508E+00  4.347469E+03  4.842268E+02  4.132940E+01  1.537838E+00  3.460136E+00  3.210237E+01  0.000000E+00  9.611489E-01  0.000000E+00
8.811073E+00  4.297726E+03  4.683203E+02  3.569228E+01  2.629957E+00  2.629957E+00  2.874168E+01  0.000000E+00  3.757082E-01  0.000000E+00
9.016309E+00  4.216236E+03  4.574764E+02  3.763349E+01  1.285046E+00  3.855138E+00  2.441588E+01  0.000000E+00  3.671560E-01  0.000000E+00
9.226326E+00  4.126183E+03  4.554947E+02  3.695625E+01  1.614593E+00  3.408586E+00  2.511590E+01  0.000000E+00  8.969964E-01  0.000000E+00
9.441234E+00  3.975633E+03  4.510872E+02  3.278403E+01  2.103788E+00  3.856944E+00  2.699861E+01  0.000000E+00  5.259469E-01  0.000000E+00
9.661149E+00  3.937905E+03  4.356794E+02  3.118115E+01  2.055900E+00  3.940474E+00  2.295755E+01  0.000000E+00  5.139749E-01  0.000000E+00
9.886186E+00  3.836380E+03  4.227485E+02  3.365245E+01  2.846227E+00  2.678802E+00  2.394180E+01  0.000000E+00  3.348503E-01  0.000000E+00
1.011646E+01  3.809427E+03  4.281780E+02  2.961415E+01  1.963369E+00  1.963369E+00  2.159706E+01  0.000000E+00  9.816845E-01  0.000000E+00
1.035211E+01  3.670110E+03  4.018030E+02  3.117850E+01  1.758787E+00  3.517575E+00  2.078567E+01  0.000000E+00  4.796693E-01  0.000000E+00
1.059324E+01  3.545474E+03  3.964068E+02  3.187505E+01  1.718753E+00  3.125005E+00  2.718754E+01  0.000000E+00  3.125005E-01  0.000000E+00
1.083999E+01  3.478970E+03  3.962397E+02  2.702676E+01  2.137710E+00  3.206564E+00  2.382019E+01  0.000000E+00  1.526935E-01  0.000000E+00
1.109248E+01  3.373069E+03  3.834898E+02  2.909747E+01  2.089049E+00  2.536703E+00  2.163658E+01  0.000000E+00  8.953069E-01  0.000000E+00
1.135086E+01  3.326619E+03  3.743230E+02  2.858096E+01  2.624782E+00  4.228815E+00  2.406050E+01  0.000000E+00  1.458212E-01  0.000000E+00
1.161526E+01  3.218406E+03  3.666574E+02  2.992540E+01  1.852525E+00  3.135042E+00  2.094778E+01  0.000000E+00  2.850038E-01  0.000000E+00
1.188581E+01  3.165756E+03  3.534372E+02  2.200279E+01  1.810356E+00  3.063680E+00  2.144576E+01  0.000000E+00  2.785163E-01  0.000000E+00
1.216267E+01  3.151940E+03  3.460725E+02  2.871462E+01  5.443531E-01  2.041324E+00  1.918845E+01  0.000000E+00  1.360883E-01  0.000000E+00
1.244597E+01  3.004123E+03  3.460413E+02  2.806100E+01  7.979431E-01  2.659810E+00  2.061353E+01  0.000000E+00  7.979431E-01  0.000000E+00
1.273587E+01  2.952246E+03  3.373847E+02  2.703236E+01  1.429596E+00  2.599266E+00  2.196379E+01  0.000000E+00  5.198531E-01  0.000000E+00
1.303253E+01  2.885172E+03  3.364361E+02  2.120983E+01  1.016040E+00  3.048119E+00  2.006678E+01  0.000000E+00  1.270050E-01  0.000000E+00
1.333610E+01  2.837494E+03  3.301432E+02  2.618805E+01  8.687978E-01  3.226963E+00  1.812064E+01  0.000000E+00  3.723419E-01  0.000000E+00
1.364674E+01  2.739793E+03  3.280862E+02  2.243843E+01  1.334177E+00  1.819332E+00  1.746559E+01  0.000000E+00  0.000000E+00  0.000000E+00
1.396461E+01  2.681813E+03  3.044982E+02  2.287589E+01  1.185279E+00  2.133503E+00  1.825330E+01  0.000000E+00  1.185279E-01  0.000000E+00
1.428989E+01  2.650883E+03  3.069492E+02  2.328181E+01  1.274129E+00  1.853278E+00  1.830112E+01  0.000000E+00  2.316598E-01  0.000000E+00
1.462274E+01  2.574921E+03  2.989435E+02  2.297824E+01  1.245126E+00  3.961765E+00  1.799773E+01  0.000000E+00  1.131933E-01  0.000000E+00
1.496335E+01  2.500601E+03  2.908113E+02  2.400382E+01  1.548634E+00  2.654801E+00  1.382709E+01  0.000000E+00  3.318501E-01  0.000000E+00
1.531189E+01  2.437627E+03  2.710036E+02  2.086306E+01  7.566913E-01  2.594370E+00  1.480953E+01  0.000000E+00  2.161975E-01  0.000000E+00
1.566855E+01  2.387316E+03  2.783565E+02  2.091635E+01  1.162019E+00  2.218401E+00  1.510625E+01  0.000000E+00  0.000000E+00  0.000000E+00
1.603352E+01  2.347220E+03  2.623163E+02  1.940790E+01  1.032335E+00  1.135569E+00  1.434946E+01  0.000000E+00  1.032335E-01  0.000000E+00
1.640699E+01  2.289352E+03  2.715787E+02  1.866347E+01  1.109720E+00  1.513254E+00  1.573785E+01  0.000000E+00  2.017672E-01  0.000000E+00
1.678915E+01  2.234775E+03  2.563268E+02  1.912592E+01  1.380221E+00  2.070332E+00  1.666124E+01  0.000000E+00  3.943489E-01  0.000000E+00
1.718022E+01  2.200091E+03  2.602227E+02  1.840153E+01  8.670880E-01  1.541490E+00  1.445147E+01  0.000000E+00  1.926862E-01  0.000000E+00
1.758040E+01  2.121013E+03  2.429072E+02  2.033642E+01  6.590505E-01  1.977152E+00  1.751191E+01  0.000000E+00  2.824502E-01  0.000000E+00
1.798990E+01  2.101347E+03  2.411502E+02  1.913745E+01  9.200696E-01  1.564118E+00  1.315700E+01  0.000000E+00  0.000000E+00  0.000000E+00
1.840894E+01  2.044703E+03  2.329636E+02  1.762287E+01  7.193010E-01  1.798252E+00  1.276759E+01  0.000000E+00  4.495631E-01  0.000000E+00
1.883774E+01  2.003080E+03  2.362716E+02  1.871545E+01  7.907937E-01  1.142258E+00  1.326776E+01  0.000000E+00  8.786596E-02  0.000000E+00
1.927653E+01  1.974229E+03  2.296054E+02  1.846117E+01  1.202122E+00  1.373854E+00  1.184949E+01  0.000000E+00  1.717318E-01  0.000000E+00
1.972553E+01  1.907640E+03  2.278193E+02  1.468449E+01  7.552021E-01  1.846050E+00  1.309017E+01  0.000000E+00  5.034681E-01  0.000000E+00
2.018500E+01  1.866021E+03  2.210755E+02  1.689227E+01  5.740090E-01  1.476023E+00  1.262820E+01  0.000000E+00  8.200129E-02  0.000000E+00
2.065517E+01  1.814410E+03  2.183671E+02  1.546600E+01  1.121886E+00  1.121886E+00  1.194007E+01  0.000000E+00  2.404041E-01  0.000000E+00
2.113629E+01  1.763164E+03  2.082279E+02  1.675847E+01  7.831062E-01  2.036076E+00  1.198153E+01  0.000000E+00  3.132425E-01  0.000000E+00
2.162862E+01  1.753028E+03  2.053248E+02  1.507603E+01  8.418086E-01  2.066257E+00  1.086698E+01  0.000000E+00  7.652805E-02  0.000000E+00
2.213241E+01  1.702580E+03  2.086531E+02  1.772430E+01  6.730746E-01  9.722188E-01  1.002133E+01  0.000000E+00  3.739303E-01  0.000000E+00
2.264794E+01  1.644676E+03  1.948412E+02  1.505525E+01  8.039210E-01  1.315507E+00  9.720135E+00  0.000000E+00  2.923349E-01  0.000000E+00
2.317548E+01  1.635378E+03  1.843354E+02  1.406977E+01  1.285562E+00  1.285562E+00  1.192716E+01  0.000000E+00  1.428403E-01  0.000000E+00
2.371531E+01  1.595640E+03  1.883053E+02  1.277238E+01  7.677386E-01  1.675066E+00  1.046916E+01  0.000000E+00  2.791777E-01  0.000000E+00
2.426771E+01  1.535174E+03  1.821774E+02  1.459602E+01  1.227703E+00  1.364114E+00  1.070829E+01  0.000000E+00  1.364114E-01  0.000000E+00
2.483298E+01  1.509561E+03  1.804301E+02  1.553018E+01  9.331441E-01  1.466369E+00  1.026458E+01  0.000000E+00  2.666126E-01  0.000000E+00
2.541141E+01  1.459762E+03  1.732616E+02  1.400423E+01  7.816313E-01  1.042175E+00  8.728216E+00  0.000000E+00  1.302719E-01  0.000000E+00
2.600332E+01  1.432453E+03  1.735824E+02  1.425833E+01  8.274924E-01  1.336719E+00  8.847804E+00  0.000000E+00  0.000000E+00  0.000000E+00
2.660901E+01  1.398416E+03  1.623533E+02  1.318732E+01  6.220434E-01  9.952694E-01  9.828285E+00  0.000000E+00  6.220434E-02  0.000000E+00
2.722882E+01  1.389927E+03  1.656484E+02  1.075955E+01  8.510375E-01  8.510375E-01  1.027324E+01  0.000000E+00  2.431536E-01  0.000000E+00
2.786306E+01  1.343972E+03  1.545710E+02  1.170272E+01  7.128562E-01  1.069284E+00  8.851298E+00  0.000000E+00  5.940468E-02  0.000000E+00
2.851207E+01  1.325164E+03  1.614439E+02  1.178465E+01  6.385771E-01  1.219102E+00  8.707870E+00  0.000000E+00  1.741574E-01  0.000000E+00
2.917620E+01  1.275427E+03  1.505074E+02  1.111928E+01  7.375034E-01  9.644275E-01  7.545227E+00  0.000000E+00  5.673103E-02  0.000000E+00
2.985580E+01  1.251329E+03  1.492990E+02  1.086618E+01  7.761554E-01  7.207158E-01  9.258426E+00  0.000000E+00  1.663190E-01  0.000000E+00
3.055124E+01  1.229238E+03  1.485011E+02  1.099808E+01  5.417771E-01  8.668434E-01  7.313991E+00  0.000000E+00  5.417771E-02  0.000000E+00
3.126287E+01  1.205546E+03  1.372850E+02  1.207134E+01  4.765003E-01  1.217723E+00  7.676949E+00  0.000000E+00  3.706113E-01  0.000000E+00
3.199107E+01  1.184520E+03  1.374714E+02  1.091700E+01  5.691325E-01  7.243504E-01  7.967854E+00  0.000000E+00  5.173931E-02  0.000000E+00
3.273624E+01  1.163725E+03  1.348983E+02  1.026400E+01  6.573006E-01  1.011232E+00  7.735922E+00  0.000000E+00  5.056158E-02  0.000000E+00
3.349876E+01  1.132838E+03  1.319265E+02  1.082093E+01  3.458746E-01  8.399813E-01  6.966903E+00  0.000000E+00  2.470533E-01  0.000000E+00
3.427905E+01  1.092759E+03  1.295995E+02  9.898617E+00  5.311453E-01  9.657188E-01  7.291177E+00  0.000000E+00  0.000000E+00  0.000000E+00
3.507751E+01  1.069442E+03  1.292919E+02  9.909231E+00  6.134286E-01  9.437363E-01  6.889275E+00  0.000000E+00  9.437363E-02  0.000000E+00
3.589457E+01  1.056765E+03  1.258877E+02  9.038092E+00  4.611271E-01  6.916907E-01  7.700823E+00  0.000000E+00  0.000000E+00  0.000000E+00
3.673066E+01  1.010224E+03  1.221209E+02  8.516918E+00  3.154414E-01  1.126576E+00  6.128576E+00  4.506306E-02  4.506306E-02  0.000000E+00
3.758623E+01  9.976210E+02  1.182842E+02  9.335907E+00  3.522984E-01  7.045968E-01  6.209259E+00  0.000000E+00  1.321119E-01  0.000000E+00
3.846173E+01  9.684141E+02  1.155056E+02  8.865187E+00  3.442791E-01  3.442791E-01  6.197024E+00  0.000000E+00  2.151744E-01  0.000000E+00
3.935762E+01  9.575570E+02  1.135493E+02  9.462441E+00  5.046635E-01  7.149400E-01  6.266239E+00  0.000000E+00  0.000000E+00  0.000000E+00
4.027437E+01  9.326780E+02  1.103892E+02  9.288148E+00  5.753720E-01  8.219600E-01  6.863366E+00  0.000000E+00  8.219600E-02  0.000000E+00
4.121248E+01  9.015275E+02  1.085592E+02  7.871849E+00  5.622749E-01  8.835749E-01  5.261287E+00  0.000000E+00  2.008125E-01  0.000000E+00
4.217245E+01  8.884634E+02  1.075403E+02  9.615830E+00  7.064691E-01  8.634622E-01  5.063029E+00  0.000000E+00  7.849657E-02  0.000000E+00
4.315477E+01  8.652862E+02  1.051307E+02  7.824396E+00  5.369684E-01  9.205172E-01  5.408039E+00  0.000000E+00  1.150647E-01  0.000000E+00
4.415997E+01  8.555975E+02  1.034873E+02  6.147019E+00  3.373364E-01  5.997091E-01  5.472346E+00  0.000000E+00  7.496364E-02  0.000000E+00
4.518859E+01  8.312868E+02  9.655307E+01  8.131556E+00  6.226867E-01  6.593153E-01  5.201265E+00  0.000000E+00  3.662863E-02  0.000000E+00
4.624117E+01  8.120780E+02  9.746940E+01  8.053844E+00  5.727178E-01  5.727178E-01  5.369229E+00  0.000000E+00  7.158972E-02  0.000000E+00
4.731826E+01  7.929982E+02  9.280213E+01  6.856094E+00  3.148206E-01  6.646213E-01  5.142070E+00  0.000000E+00  6.996014E-02  0.000000E+00
4.842045E+01  7.671534E+02  9.212541E+01  6.768398E+00  3.418383E-01  6.153089E-01  4.922471E+00  0.000000E+00  1.025515E-01  0.000000E+00
4.954830E+01  7.575746E+02  8.939367E+01  6.714547E+00  3.006514E-01  7.015199E-01  4.743610E+00  0.000000E+00  1.336228E-01  0.000000E+00
5.070243E+01  7.305039E+02  9.130891E+01  6.692287E+00  3.917436E-01  8.161325E-01  4.733569E+00  0.000000E+00  9.793590E-02  0.000000E+00
5.188344E+01  7.239886E+02  8.454084E+01  5.901908E+00  1.914132E-01  8.294573E-01  5.295766E+00  0.000000E+00  9.570661E-02  0.000000E+00
5.309196E+01  7.011175E+02  8.211764E+01  6.359908E+00  4.676403E-01  5.299923E-01  4.520523E+00  0.000000E+00  3.117602E-02  0.000000E+00
5.432863E+01  6.918303E+02  8.195453E+01  6.062807E+00  2.132646E-01  7.007264E-01  3.412233E+00  0.000000E+00  3.046637E-02  0.000000E+00
5.559411E+01  6.790000E+02  7.848128E+01  5.716391E+00  6.252302E-01  4.763659E-01  4.108656E+00  0.000000E+00  0.000000E+00  0.000000E+00
5.688906E+01  6.609546E+02  7.524007E+01  5.004367E+00  3.491419E-01  4.946176E-01  3.840560E+00  0.000000E+00  2.909515E-02  0.000000E+00
5.821418E+01  6.473027E+02  7.733740E+01  5.459111E+00  2.843287E-01  3.696273E-01  4.179632E+00  0.000000E+00  5.686574E-02  0.000000E+00
5.957016E+01  6.312623E+02  7.529913E+01  6.001702E+00  3.334279E-01  6.390701E-01  3.528778E+00  0.000000E+00  2.778566E-02  0.000000E+00
6.095773E+01  6.190653E+02  7.258045E+01  4.561734E+00  2.986850E-01  6.788295E-01  3.557066E+00  0.000000E+00  2.715318E-02  0.000000E+00
6.237762E+01  5.968274E+02  7.265309E+01  6.262283E+00  3.714914E-01  5.041668E-01  3.847589E+00  0.000000E+00  5.307019E-02  0.000000E+00
6.383058E+01  5.864833E+02  7.092151E+01  5.212148E+00  2.333798E-01  6.742082E-01  3.708145E+00  0.000000E+00  1.037243E-01  0.000000E+00
6.531738E+01  5.689014E+02  6.809078E+01  4.688052E+00  2.280674E-01  3.547715E-01  3.775782E+00  0.000000E+00  2.534082E-02  0.000000E+00
6.683882E+01  5.616721E+02  6.488166E+01  5.670954E+00  1.485840E-01  3.219319E-01  3.367903E+00  0.000000E+00  1.238200E-01  0.000000E+00
6.839570E+01  5.435386E+02  6.454219E+01  5.009461E+00  1.694021E-01  5.566068E-01  3.049237E+00  0.000000E+00  0.000000E+00  0.000000E+00
6.998884E+01  5.356832E+02  6.288383E+01  5.155576E+00  2.128449E-01  5.675863E-01  3.098075E+00  0.000000E+00  0.000000E+00  0.000000E+00
7.161909E+01  5.174807E+02  6.025065E+01  4.344887E+00  1.155555E-01  2.311110E-01  3.119999E+00  0.000000E+00  9.244441E-02  0.000000E+00
7.328731E+01  5.101732E+02  5.896951E+01  4.675101E+00  3.839455E-01  4.742856E-01  3.342584E+00  0.000000E+00  6.775509E-02  0.000000E+00
7.499439E+01  4.940357E+02  5.762720E+01  4.016910E+00  2.207093E-01  2.869221E-01  2.383661E+00  0.000000E+00  4.414186E-02  0.000000E+00
7.674123E+01  4.835234E+02  5.584094E+01  4.723509E+00  2.156854E-01  3.235280E-01  2.631361E+00  0.000000E+00  4.313707E-02  0.000000E+00
7.852877E+01  4.793462E+02  5.564480E+01  4.405213E+00  2.107758E-01  3.161636E-01  2.950861E+00  0.000000E+00  8.431031E-02  0.000000E+00
8.035794E+01  4.653865E+02  5.408980E+01  3.687005E+00  2.059779E-01  3.295647E-01  2.595322E+00  0.000000E+00  8.239117E-02  0.000000E+00
8.222971E+01  4.573091E+02  5.062426E+01  4.005657E+00  3.421918E-01  3.623207E-01  2.979082E+00  0.000000E+00  4.025786E-02  0.000000E+00
8.414509E+01  4.380477E+02  5.104557E+01  4.091514E+00  2.360489E-01  3.540733E-01  2.812916E+00  0.000000E+00  1.967074E-02  0.000000E+00
8.610508E+01  4.344585E+02  4.842268E+01  3.806150E+00  2.691217E-01  3.844596E-01  2.652771E+00  0.000000E+00  3.844596E-02  0.000000E+00
8.811073E+01  4.196661E+02  4.782765E+01  3.625584E+00  2.066395E-01  3.944936E-01  2.366962E+00  0.000000E+00  1.878541E-02  0.000000E+00
9.016309E+01  4.130689E+02  4.651867E+01  3.194257E+00  2.570092E-01  3.855138E-01  2.441588E+00  0.000000E+00  0.000000E+00  0.000000E+00
9.226326E+01  4.013879E+02  4.594415E+01  3.049788E+00  3.229187E-01  3.767385E-01  2.260431E+00  0.000000E+00  7.175971E-02  0.000000E+00
9.441234E+01  3.909013E+02  4.332050E+01  2.997898E+00  2.629735E-01  3.155682E-01  2.156382E+00  0.000000E+00  3.506313E-02  0.000000E+00
9.661149E+01  3.843333E+02  4.351654E+01  2.981055E+00  1.370600E-01  4.454449E-01  2.038767E+00  0.000000E+00  1.713250E-02  0.000000E+00
9.886186E+01  3.772088E+02  4.311197E+01  2.846227E+00  1.841677E-01  3.348503E-01  1.757964E+00  0.000000E+00  3.348503E-02  0.000000E+00
1.011646E+02  3.657756E+02  4.211426E+01  2.732355E+00  1.308913E-01  3.435896E-01  1.996092E+00  0.000000E+00  3.272282E-02  0.000000E+00
1.035211E+02  3.593523E+02  4.067596E+01  2.558236E+00  1.598898E-01  1.758787E-01  2.014611E+00  0.000000E+00  0.000000E+00  0.000000E+00
1.059324E+02  3.509224E+02  3.787506E+01  2.953129E+00  9.375014E-02  2.812504E-01  1.609377E+00  0.000000E+00  1.562502E-02  0.000000E+00
1.083999E+02  3.396821E+02  3.937966E+01  2.366750E+00  1.985016E-01  1.985016E-01  1.603282E+00  0.000000E+00  1.526935E-02  0.000000E+00
1.109248E+02  3.325021E+02  3.690157E+01  2.133815E+00  1.641396E-01  3.730445E-01  1.417569E+00  0.000000E+00  1.492178E-02  0.000000E+00
1.135086E+02  3.217982E+02  3.768020E+01  2.435214E+00  2.187318E-01  3.645530E-01  1.735272E+00  0.000000E+00  0.000000E+00  0.000000E+00
1.161526E+02  3.185630E+02  3.598173E+01  2.536534E+00  1.140015E-01  2.422532E-01  1.638772E+00  0.000000E+00  1.425019E-02  0.000000E+00
1.188581E+02  3.100722E+02  3.512091E+01  2.102798E+00  1.392582E-01  2.506647E-01  1.503988E+00  0.000000E+00  0.000000E+00  0.000000E+00
1.216267E+02  3.067293E+02  3.392680E+01  2.068542E+00  1.360883E-01  1.769147E-01  1.565015E+00  0.000000E+00  2.721765E-02  0.000000E+00
1.244597E+02  2.989095E+02  3.292845E+01  2.181044E+00  9.309336E-02  2.127848E-01  1.529391E+00  0.000000E+00  3.989715E-02  0.000000E+00
1.273587E+02  2.892203E+02  3.175003E+01  2.170387E+00  1.039706E-01  2.079413E-01  1.481581E+00  0.000000E+00  1.299633E-02  0.000000E+00
1.303253E+02  2.807826E+02  3.079870E+01  2.159084E+00  1.905074E-01  3.302129E-01  1.663765E+00  0.000000E+00  3.810149E-02  0.000000E+00
1.333610E+02  2.762281E+02  2.988664E+01  1.985824E+00  7.446838E-02  1.489368E-01  1.265963E+00  0.000000E+00  1.241140E-02  0.000000E+00
1.364674E+02  2.678542E+02  2.866054E+01  2.171069E+00  1.212888E-01  2.304487E-01  1.346306E+00  0.000000E+00  1.212888E-02  0.000000E+00
1.396461E+02  2.629542E+02  2.919343E+01  1.932005E+00  9.482234E-02  1.185279E-01  1.327513E+00  0.000000E+00  1.185279E-02  0.000000E+00
1.428989E+02  2.546984E+02  2.746327E+01  1.864861E+00  1.158299E-01  1.621619E-01  1.332044E+00  0.000000E+00  2.316598E-02  0.000000E+00
1.462274E+02  2.503270E+02  2.620425E+01  1.788454E+00  6.791597E-02  1.584706E-01  1.097975E+00  0.000000E+00  2.263866E-02  0.000000E+00
1.496335E+02  2.443191E+02  2.631571E+01  1.791990E+00  1.106167E-01  2.101717E-01  1.139352E+00  0.000000E+00  0.000000E+00  0.000000E+00
1.531189E+02  2.393414E+02  2.526268E+01  1.837679E+00  3.242963E-02  2.594370E-01  1.145847E+00  0.000000E+00  0.000000E+00  0.000000E+00
1.566855E+02  2.348652E+02  2.452917E+01  1.574008E+00  7.394669E-02  2.429677E-01  9.613069E-01  0.000000E+00  0.000000E+00  0.000000E+00
1.603352E+02  2.265975E+02  2.393985E+01  1.476239E+00  6.194010E-02  1.342036E-01  1.207832E+00  0.000000E+00  1.032335E-02  0.000000E+00
1.640699E+02  2.253337E+02  2.259793E+01  1.442636E+00  1.614138E-01  1.614138E-01  1.029013E+00  0.000000E+00  1.008836E-02  0.000000E+00
1.678915E+02  2.171384E+02  2.278351E+01  1.567537E+00  5.915234E-02  2.366094E-01  1.143612E+00  0.000000E+00  0.000000E+00  0.000000E+00
1.718022E+02  2.125040E+02  2.223599E+01  1.194655E+00  1.059774E-01  1.734176E-01  1.040506E+00  0.000000E+00  0.000000E+00  0.000000E+00
1.758040E+02  2.098699E+02  2.187106E+01  1.402836E+00  1.223951E-01  1.694701E-01  9.791608E-01  0.000000E+00  9.415008E-03  0.000000E+00
1.798990E+02  2.051755E+02  2.123521E+01  1.472111E+00  6.440487E-02  1.104083E-01  9.016682E-01  0.000000E+00  9.200696E-03  0.000000E+00
1.840894E+02  1.994622E+02  1.989766E+01  1.519523E+00  5.394757E-02  1.168864E-01  8.002224E-01  0.000000E+00  1.798252E-02  0.000000E+00
1.883774E+02  1.951679E+02  1.899662E+01  1.247697E+00  7.907937E-02  1.142258E-01  7.029277E-01  0.000000E+00  1.757319E-02  0.000000E+00
1.927653E+02  1.901328E+02  1.879604E+01  1.287988E+00  9.445248E-02  1.459720E-01  7.813796E-01  0.000000E+00  0.000000E+00  0.000000E+00
1.972553E+02  1.863000E+02  1.871223E+01  1.359364E+00  3.356454E-02  1.006936E-01  8.055489E-01  0.000000E+00  0.000000E+00  0.000000E+00
2.018500E+02  1.798124E+02  1.822069E+01  1.057817E+00  5.740090E-02  8.200129E-02  7.380116E-01  0.000000E+00  1.640026E-02  0.000000E+00
2.065517E+02  1.771538E+02  1.722896E+01  1.041751E+00  6.410777E-02  8.814818E-02  6.731316E-01  0.000000E+00  0.000000E+00  0.000000E+00
2.113629E+02  1.713985E+02  1.599103E+01  1.065024E+00  6.264850E-02  1.331281E-01  7.831062E-01  0.000000E+00  0.000000E+00  0.000000E+00
2.162862E+02  1.667087E+02  1.610150E+01  1.094351E+00  5.356964E-02  1.300977E-01  6.657941E-01  0.000000E+00  0.000000E+00  0.000000E+00
2.213241E+02  1.657110E+02  1.573499E+01  1.047005E+00  2.991443E-02  7.478606E-02  7.403820E-01  0.000000E+00  0.000000E+00  0.000000E+00
2.264794E+02  1.591033E+02  1.476291E+01  8.770047E-01  1.461674E-02  8.039210E-02  4.092689E-01  0.000000E+00  0.000000E+00  0.000000E+00
2.317548E+02  1.551888E+02  1.434116E+01  7.070593E-01  8.570416E-02  5.713611E-02  5.927871E-01  0.000000E+00  7.142014E-03  0.000000E+00
2.371531E+02  1.533034E+02  1.434275E+01  9.701424E-01  4.187665E-02  9.073274E-02  4.466843E-01  0.000000E+00  1.395888E-02  0.000000E+00
2.426771E+02  1.494250E+02  1.349109E+01  7.911861E-01  2.728228E-02  6.138513E-02  4.637988E-01  0.000000E+00  2.046171E-02  0.000000E+00
2.483298E+02  1.456838E+02  1.330397E+01  8.398297E-01  5.998783E-02  9.997972E-02  4.599067E-01  0.000000E+00  6.665315E-03  0.000000E+00
2.541141E+02  1.413645E+02  1.224556E+01  8.532808E-01  5.210875E-02  1.042175E-01  5.080603E-01  0.000000E+00  0.000000E+00  0.000000E+00
2.600332E+02  1.391715E+02  1.188406E+01  7.893005E-01  1.909598E-02  5.728794E-02  4.201115E-01  0.000000E+00  0.000000E+00  0.000000E+00
2.660901E+02  1.341810E+02  1.198056E+01  6.282638E-01  3.732260E-02  6.220434E-02  4.727530E-01  0.000000E+00  0.000000E+00  0.000000E+00
2.722882E+02  1.339290E+02  1.109388E+01  6.808300E-01  2.431536E-02  6.078839E-02  3.829669E-01  0.000000E+00  0.000000E+00  0.000000E+00
2.786306E+02  1.270785E+02  1.095422E+01  6.178087E-01  4.158328E-02  5.940468E-02  4.752375E-01  0.000000E+00  0.000000E+00  0.000000E+00
2.851207E+02  1.262177E+02  1.052491E+01  6.037456E-01  4.644197E-02  6.385771E-02  3.308991E-01  0.000000E+00  0.000000E+00  0.000000E+00
2.917620E+02  1.219717E+02  1.004707E+01  5.502910E-01  2.836552E-02  4.538482E-02  3.687517E-01  0.000000E+00  5.673103E-03  0.000000E+00
2.985580E+02  1.175432E+02  1.011220E+01  6.597321E-01  5.543967E-03  4.989571E-02  3.270941E-01  0.000000E+00  0.000000E+00  0.000000E+00
3.055124E+02  1.170022E+02  9.421504E+00  5.851193E-01  1.083554E-02  8.668434E-02  3.142307E-01  0.000000E+00  5.417771E-03  0.000000E+00
3.126287E+02  1.144448E+02  9.318228E+00  5.612115E-01  4.765003E-02  4.765003E-02  3.229613E-01  0.000000E+00  0.000000E+00  0.000000E+00
3.199107E+02  1.102358E+02  9.188902E+00  5.329149E-01  2.586966E-02  4.656538E-02  3.000880E-01  0.000000E+00  0.000000E+00  0.000000E+00
3.273624E+02  1.070136E+02  8.787603E+00  4.752789E-01  2.022463E-02  3.539311E-02  3.134818E-01  0.000000E+00  0.000000E+00  0.000000E+00
3.349876E+02  1.047753E+02  8.775334E+00  5.039888E-01  1.976426E-02  6.423386E-02  2.075248E-01  0.000000E+00  0.000000E+00  0.000000E+00
3.427905E+02  1.023614E+02  8.203781E+00  4.973452E-01  9.657188E-03  4.828594E-02  1.931438E-01  0.000000E+00  0.000000E+00  0.000000E+00
3.507751E+02  1.003428E+02  7.460236E+00  4.058066E-01  1.415604E-02  4.718682E-02  1.698725E-01  0.000000E+00  4.718682E-03  0.000000E+00
3.589457E+02  9.819241E+01  7.285809E+00  3.873468E-01  1.844509E-02  2.305636E-02  1.613945E-01  0.000000E+00  0.000000E+00  0.000000E+00
3.673066E+02  9.602037E+01  7.133482E+00  4.145801E-01  3.605045E-02  5.407567E-02  2.027838E-01  0.000000E+00  0.000000E+00  0.000000E+00
3.758623E+02  9.262365E+01  6.473483E+00  3.170686E-01  1.761492E-02  1.761492E-02  2.201865E-01  0.000000E+00  4.403730E-03  0.000000E+00
3.846173E+02  9.048946E+01  6.476751E+00  2.883337E-01  1.291047E-02  2.582093E-02  1.893535E-01  0.000000E+00  0.000000E+00  0.000000E+00
3.935762E+02  8.780725E+01  6.219978E+00  3.658811E-01  8.411059E-03  2.943871E-02  1.345769E-01  0.000000E+00  0.000000E+00  0.000000E+00
4.027437E+02  8.585783E+01  6.140041E+00  3.123448E-01  4.109800E-03  3.698820E-02  1.438430E-01  0.000000E+00  0.000000E+00  0.000000E+00
4.121248E+02  8.265441E+01  5.610700E+00  2.530237E-01  3.614624E-02  5.221124E-02  1.204875E-01  0.000000E+00  0.000000E+00  0.000000E+00
4.217245E+02  8.138132E+01  5.204322E+00  2.511890E-01  1.962414E-02  2.747380E-02  1.255945E-01  0.000000E+00  0.000000E+00  0.000000E+00
4.315477E+02  7.873107E+01  5.300645E+00  2.339648E-01  1.917744E-02  1.534195E-02  1.227356E-01  0.000000E+00  3.835488E-03  0.000000E+00
4.415997E+02  7.763984E+01  5.191232E+00  2.398836E-01  1.499273E-02  2.998546E-02  9.370455E-02  0.000000E+00  0.000000E+00  0.000000E+00
4.518859E+02  7.378105E+01  4.739745E+00  2.234346E-01  1.098859E-02  2.564004E-02  8.058299E-02  0.000000E+00  0.000000E+00  0.000000E+00
4.624117E+02  7.329356E+01  4.545947E+00  2.290871E-01  3.579486E-03  1.073846E-02  7.874869E-02  0.000000E+00  0.000000E+00  0.000000E+00
4.731826E+02  7.146428E+01  4.463457E+00  2.553545E-01  1.749003E-02  2.098804E-02  8.395217E-02  0.000000E+00  0.000000E+00  0.000000E+00
4.842045E+02  6.853515E+01  3.985834E+00  1.709191E-01  6.836765E-03  1.709191E-02  6.494927E-02  0.000000E+00  0.000000E+00  0.000000E+00
4.954830E+02  6.774343E+01  3.918489E+00  1.469851E-01  1.002171E-02  1.336228E-02  6.347084E-02  0.000000E+00  0.000000E+00  0.000000E+00
5.070243E+02  6.625037E+01  3.835823E+00  1.566974E-01  9.793590E-03  9.793590E-03  6.855513E-02  0.000000E+00  0.000000E+00  0.000000E+00
5.188344E+02  6.385864E+01  3.579427E+00  1.595110E-01  3.190220E-03  1.595110E-02  6.061419E-02  0.000000E+00  0.000000E+00  0.000000E+00
5.309196E+02  6.232086E+01  3.473009E+00  1.215865E-01  3.117602E-03  1.247041E-02  4.052883E-02  0.000000E+00  0.000000E+00  0.000000E+00
5.432863E+02  6.101499E+01  3.336067E+00  1.188188E-01  9.139910E-03  1.218655E-02  5.179282E-02  0.000000E+00  0.000000E+00  0.000000E+00
5.559411E+02  5.820893E+01  3.027901E+00  9.825046E-02  0.000000E+00  8.931860E-03  5.656845E-02  0.000000E+00  0.000000E+00  0.000000E+00
5.688906E+02  5.690139E+01  2.912425E+00  9.601401E-02  5.819031E-03  1.454758E-02  4.655225E-02  0.000000E+00  0.000000E+00  0.000000E+00
5.821418E+02  5.528203E+01  2.874563E+00  9.951504E-02  5.686574E-03  0.000000E+00  3.411944E-02  0.000000E+00  0.000000E+00  0.000000E+00
5.957016E+02  5.430429E+01  2.467366E+00  8.891410E-02  1.389283E-02  5.557131E-03  3.889992E-02  0.000000E+00  0.000000E+00  0.000000E+00
6.095773E+02  5.303016E+01  2.438355E+00  6.788295E-02  5.430636E-03  5.430636E-03  2.715318E-02  0.000000E+00  0.000000E+00  0.000000E+00
6.237762E+02  5.085982E+01  2.194452E+00  6.899125E-02  5.307019E-03  1.061404E-02  2.388159E-02  0.000000E+00  0.000000E+00  0.000000E+00
6.383058E+02  4.990956E+01  2.134128E+00  7.001393E-02  0.000000E+00  2.593108E-03  1.815176E-02  0.000000E+00  0.000000E+00  0.000000E+00
6.531738E+02  4.812729E+01  2.012061E+00  7.095430E-02  2.534082E-03  2.534082E-03  1.773857E-02  0.000000E+00  0.000000E+00  0.000000E+00
6.683882E+02  4.701692E+01  1.748338E+00  7.429198E-02  4.952799E-03  2.476399E-03  1.238200E-02  0.000000E+00  0.000000E+00  0.000000E+00
6.839570E+02  4.547962E+01  1.793242E+00  3.630044E-02  4.840059E-03  7.260089E-03  9.680118E-03  0.000000E+00  0.000000E+00  0.000000E+00
6.998884E+02  4.473290E+01  1.707489E+00  4.966380E-02  2.364943E-03  0.000000E+00  1.418966E-02  0.000000E+00  0.000000E+00  0.000000E+00
7.161909E+02  4.306292E+01  1.513777E+00  3.697776E-02  0.000000E+00  6.933331E-03  6.933331E-03  0.000000E+00  0.000000E+00  0.000000E+00
7.328731E+02  4.117929E+01  1.377687E+00  3.161904E-02  0.000000E+00  2.258503E-03  9.034012E-03  0.000000E+00  0.000000E+00  0.000000E+00
7.499439E+02  4.071204E+01  1.383847E+00  3.531349E-02  2.207093E-03  0.000000E+00  4.414186E-03  0.000000E+00  0.000000E+00  0.000000E+00
7.674123E+02  3.914689E+01  1.171172E+00  2.588224E-02  2.156854E-03  0.000000E+00  6.470561E-03  0.000000E+00  0.000000E+00  0.000000E+00
7.852877E+02  3.839702E+01  1.211961E+00  2.740085E-02  2.107758E-03  0.000000E+00  8.431031E-03  0.000000E+00  0.000000E+00  0.000000E+00
8.035794E+02  3.712958E+01  1.050487E+00  1.853801E-02  2.059779E-03  0.000000E+00  6.179338E-03  0.000000E+00  0.000000E+00  0.000000E+00
8.222971E+02  3.579527E+01  9.702144E-01  1.811604E-02  0.000000E+00  6.038679E-03  4.025786E-03  0.000000E+00  0.000000E+00  0.000000E+00
8.414509E+02  3.432544E+01  9.284589E-01  1.376952E-02  0.000000E+00  0.000000E+00  0.000000E+00  0.000000E+00  0.000000E+00  0.000000E+00
8.610508E+02  3.372479E+01  8.554225E-01  7.689191E-03  0.000000E+00  1.922298E-03  0.000000E+00  0.000000E+00  0.000000E+00  0.000000E+00
8.811073E+02  3.270352E+01  7.157241E-01  1.502833E-02  0.000000E+00  0.000000E+00  0.000000E+00  0.000000E+00  0.000000E+00  0.000000E+00
9.016309E+02  3.181407E+01  6.718955E-01  1.468624E-02  0.000000E+00  0.000000E+00  0.000000E+00  0.000000E+00  0.000000E+00  0.000000E+00
9.226326E+02  3.066831E+01  6.745413E-01  1.435194E-02  0.000000E+00  0.000000E+00  1.793993E-03  0.000000E+00  0.000000E+00  0.000000E+00
9.441234E+02  2.972126E+01  6.030858E-01  8.765782E-03  1.753156E-03  0.000000E+00  0.000000E+00  0.000000E+00  0.000000E+00  0.000000E+00
9.661149E+02  2.830631E+01  5.259677E-01  6.852999E-03  0.000000E+00  0.000000E+00  1.713250E-03  0.000000E+00  0.000000E+00  0.000000E+00
9.886186E+02  2.781601E+01  4.353054E-01  6.697006E-03  0.000000E+00  1.674251E-03  0.000000E+00  0.000000E+00  0.000000E+00  0.000000E+00
