# Er [keV]  dR/dEr 12C [1/keV/kg/Myr]  13C
1.012E-03  4.935E+09  6.946E+07
1.035E-03  4.940E+09  6.807E+07
1.059E-03  4.926E+09  6.904E+07
1.084E-03  4.946E+09  6.975E+07
1.109E-03  4.950E+09  6.433E+07
1.135E-03  4.936E+09  6.896E+07
1.162E-03  4.977E+09  6.918E+07
1.189E-03  4.939E+09  6.976E+07
1.216E-03  4.933E+09  7.078E+07
1.245E-03  4.938E+09  6.639E+07
1.274E-03  4.941E+09  6.697E+07
1.303E-03  4.954E+09  7.311E+07
1.334E-03  4.935E+09  6.522E+07
1.365E-03  4.953E+09  6.634E+07
1.396E-03  4.941E+09  6.773E+07
1.429E-03  4.918E+09  6.605E+07
1.462E-03  4.947E+09  6.901E+07
1.496E-03  4.934E+09  6.882E+07
1.531E-03  4.958E+09  6.752E+07
1.567E-03  4.952E+09  6.945E+07
1.603E-03  4.954E+09  6.737E+07
1.641E-03  4.950E+09  6.626E+07
1.679E-03  4.970E+09  7.294E+07
1.718E-03  4.966E+09  6.898E+07
1.758E-03  4.965E+09  6.932E+07
1.799E-03  4.924E+09  6.790E+07
1.841E-03  4.961E+09  6.953E+07
1.884E-03  4.953E+09  6.857E+07
1.928E-03  4.932E+09  6.645E+07
1.973E-03  4.934E+09  6.995E+07
2.019E-03  4.931E+09  7.124E+07
2.066E-03  4.937E+09  7.005E+07
2.114E-03  4.928E+09  6.705E+07
2.163E-03  4.964E+09  6.827E+07
2.213E-03  4.931E+09  6.685E+07
2.265E-03  4.944E+09  6.912E+07
2.318E-03  4.948E+09  6.815E+07
2.372E-03  4.930E+09  6.985E+07
2.427E-03  4.952E+09  6.724E+07
2.483E-03  4.959E+09  6.806E+07
2.541E-03  4.951E+09  6.694E+07
2.600E-03  4.958E+09  6.819E+07
2.661E-03  4.934E+09  6.797E+07
2.723E-03  4.941E+09  6.599E+07
2.786E-03  4.930E+09  6.399E+07
2.851E-03  4.927E+09  6.378E+07
2.918E-03  4.838E+09  6.450E+07
2.986E-03  4.736E+09  6.088E+07
3.055E-03  4.605E+09  5.988E+07
3.126E-03  4.554E+09  5.890E+07
3.199E-03  4.428E+09  5.688E+07
3.274E-03  4.311E+09  5.600E+07
3.350E-03  4.234E+09  5.476E+07
3.428E-03  4.140E+09  5.291E+07
3.508E-03  4.038E+09  5.128E+07
3.589E-03  3.953E+09  5.116E+07
3.673E-03  3.862E+09  5.131E+07
3.759E-03  3.756E+09  4.894E+07
3.846E-03  3.676E+09  4.669E+07
3.936E-03  3.574E+09  4.666E+07
4.027E-03  3.505E+09  4.567E+07
4.121E-03  3.432E+09  4.609E+07
4.217E-03  3.342E+09  4.251E+07
4.315E-03  3.276E+09  4.209E+07
4.416E-03  3.203E+09  4.293E+07
4.519E-03  3.137E+09  3.952E+07
4.624E-03  3.067E+09  3.941E+07
4.732E-03  2.992E+09  3.837E+07
4.842E-03  2.922E+09  3.596E+07
4.955E-03  2.857E+09  3.650E+07
5.070E-03  2.796E+09  3.559E+07
5.188E-03  2.725E+09  3.530E+07
5.309E-03  2.658E+09  3.518E+07
5.433E-03  2.603E+09  3.174E+07
5.559E-03  2.537E+09  3.168E+07
5.689E-03  2.492E+09  3.178E+07
5.821E-03  2.421E+09  3.258E+07
5.957E-03  2.377E+09  3.038E+07
6.096E-03  2.306E+09  3.051E+07
6.238E-03  2.276E+09  3.018E+07
6.383E-03  2.208E+09  2.741E+07
6.532E-03  2.157E+09  2.719E+07
6.684E-03  2.116E+09  2.724E+07
6.840E-03  2.064E+09  2.621E+07
6.999E-03  2.029E+09  2.668E+07
7.162E-03  1.976E+09  2.532E+07
7.329E-03  1.922E+09  2.515E+07
7.499E-03  1.882E+09  2.338E+07
7.674E-03  1.845E+09  2.401E+07
7.853E-03  1.803E+09  2.313E+07
8.036E-03  1.760E+09  2.220E+07
8.223E-03  1.725E+09  2.262E+07
8.415E-03  1.685E+09  2.233E+07
8.611E-03  1.645E+09  2.084E+07
8.811E-03  1.600E+09  2.038E+07
9.016E-03  1.578E+09  2.071E+07
9.226E-03  1.532E+09  1.935E+07
9.441E-03  1.496E+09  1.915E+07
9.661E-03  1.466E+09  1.849E+07
9.886E-03  1.429E+09  1.796E+07
1.012E-02  1.396E+09  1.827E+07
1.035E-02  1.370E+09  1.747E+07
1.059E-02  1.335E+09  1.788E+07
1.084E-02  1.301E+09  1.699E+07
1.109E-02  1.274E+09  1.648E+07
1.135E-02  1.246E+09  1.577E+07
1.162E-02  1.222E+09  1.601E+07
1.189E-02  1.187E+09  1.528E+07
1.216E-02  1.162E+09  1.542E+07
1.245E-02  1.137E+09  1.443E+07
1.274E-02  1.109E+09  1.450E+07
1.303E-02  1.084E+09  1.389E+07
1.334E-02  1.056E+09  1.349E+07
1.365E-02  1.039E+09  1.266E+07
1.396E-02  1.013E+09  1.339E+07
1.429E-02  9.844E+08  1.270E+07
1.462E-02  9.627E+08  1.274E+07
1.496E-02  9.444E+08  1.227E+07
1.531E-02  9.262E+08  1.162E+07
1.567E-02  9.053E+08  1.168E+07
1.603E-02  8.830E+08  1.148E+07
1.641E-02  8.602E+08  1.128E+07
1.679E-02  8.410E+08  1.093E+07
1.718E-02  8.242E+08  1.083E+07
1.758E-02  8.051E+08  1.024E+07
1.799E-02  7.896E+08  1.008E+07
1.841E-02  7.610E+08  9.873E+06
1.884E-02  7.511E+08  9.533E+06
1.928E-02  7.340E+08  9.219E+06
1.973E-02  7.190E+08  9.395E+06
2.019E-02  7.055E+08  9.279E+06
2.066E-02  6.857E+08  8.933E+06
2.114E-02  6.656E+08  8.295E+06
2.163E-02  6.543E+08  8.394E+06
2.213E-02  6.386E+08  8.516E+06
2.265E-02  6.223E+08  8.008E+06
2.318E-02  6.097E+08  7.962E+06
2.372E-02  5.981E+08  7.481E+06
2.427E-02  5.821E+08  7.563E+06
2.483E-02  5.718E+08  7.438E+06
2.541E-02  5.575E+08  7.254E+06
2.600E-02  5.446E+08  6.997E+06
2.661E-02  5.299E+08  6.623E+06
2.723E-02  5.196E+08  6.817E+06
2.786E-02  5.098E+08  6.857E+06
2.851E-02  4.947E+08  6.333E+06
2.918E-02  4.844E+08  6.463E+06
2.986E-02  4.722E+08  6.260E+06
3.055E-02  4.619E+08  6.276E+06
3.126E-02  4.512E+08  6.045E+06
3.199E-02  4.425E+08  5.524E+06
3.274E-02  4.329E+08  5.679E+06
3.350E-02  4.230E+08  5.564E+06
3.428E-02  4.134E+08  5.164E+06
3.508E-02  4.021E+08  5.184E+06
3.589E-02  3.957E+08  5.220E+06
3.673E-02  3.850E+08  4.943E+06
3.759E-02  3.763E+08  4.744E+06
3.846E-02  3.670E+08  4.710E+06
3.936E-02  3.585E+08  4.616E+06
4.027E-02  3.516E+08  4.579E+06
4.121E-02  3.430E+08  4.559E+06
4.217E-02  3.349E+08  4.279E+06
4.315E-02  3.281E+08  4.182E+06
4.416E-02  3.198E+08  4.288E+06
4.519E-02  3.126E+08  4.079E+06
4.624E-02  3.057E+08  3.886E+06
4.732E-02  2.998E+08  3.977E+06
4.842E-02  2.905E+08  4.031E+06
4.955E-02  2.852E+08  3.758E+06
5.070E-02  2.794E+08  3.764E+06
5.188E-02  2.729E+08  3.516E+06
5.309E-02  2.658E+08  3.438E+06
5.433E-02  2.589E+08  3.486E+06
5.559E-02  2.543E+08  3.271E+06
5.689E-02  2.489E+08  3.136E+06
5.821E-02  2.432E+08  3.356E+06
5.957E-02  2.367E+08  3.209E+06
6.096E-02  2.327E+08  2.891E+06
6.238E-02  2.264E+08  2.983E+06
6.383E-02  2.207E+08  2.826E+06
6.532E-02  2.165E+08  2.804E+06
6.684E-02  2.113E+08  2.774E+06
6.840E-02  2.064E+08  2.660E+06
6.999E-02  2.011E+08  2.573E+06
7.162E-02  1.966E+08  2.600E+06
7.329E-02  1.927E+08  2.487E+06
7.499E-02  1.876E+08  2.512E+06
7.674E-02  1.851E+08  2.416E+06
7.853E-02  1.808E+08  2.312E+06
8.036E-02  1.765E+08  2.222E+06
8.223E-02  1.716E+08  2.338E+06
8.415E-02  1.686E+08  2.255E+06
8.611E-02  1.652E+08  2.097E+06
8.811E-02  1.603E+08  2.096E+06
9.016E-02  1.571E+08  1.975E+06
9.226E-02  1.535E+08  1.887E+06
9.441E-02  1.497E+08  1.927E+06
9.661E-02  1.459E+08  1.908E+06
9.886E-02  1.429E+08  1.811E+06
1.012E-01  1.399E+08  1.831E+06
1.035E-01  1.359E+08  1.839E+06
1.059E-01  1.338E+08  1.791E+06
1.084E-01  1.302E+08  1.706E+06
1.109E-01  1.278E+08  1.686E+06
1.135E-01  1.254E+08  1.640E+06
1.162E-01  1.217E+08  1.646E+06
1.189E-01  1.185E+08  1.550E+06
1.216E-01  1.158E+08  1.478E+06
1.245E-01  1.135E+08  1.520E+06
1.274E-01  1.111E+08  1.474E+06
1.303E-01  1.083E+08  1.459E+06
1.334E-01  1.061E+08  1.344E+06
1.365E-01  1.031E+08  1.365E+06
1.396E-01  1.015E+08  1.333E+06
1.429E-01  9.894E+07  1.306E+06
1.462E-01  9.755E+07  1.227E+06
1.496E-01  9.408E+07  1.257E+06
1.531E-01  9.236E+07  1.238E+06
1.567E-01  9.029E+07  1.174E+06
1.603E-01  8.835E+07  1.132E+06
1.641E-01  8.652E+07  1.130E+06
1.679E-01  8.438E+07  1.122E+06
1.718E-01  8.249E+07  1.007E+06
1.758E-01  8.021E+07  1.065E+06
1.799E-01  7.830E+07  1.051E+06
1.841E-01  7.680E+07  1.008E+06
1.884E-01  7.480E+07  1.016E+06
1.928E-01  7.318E+07  9.429E+05
1.973E-01  7.126E+07  9.379E+05
2.019E-01  6.982E+07  8.980E+05
2.066E-01  6.846E+07  8.900E+05
2.114E-01  6.698E+07  8.492E+05
2.163E-01  6.549E+07  8.550E+05
2.213E-01  6.352E+07  8.583E+05
2.265E-01  6.232E+07  8.160E+05
2.318E-01  6.107E+07  7.936E+05
2.372E-01  5.978E+07  7.835E+05
2.427E-01  5.834E+07  7.718E+05
2.483E-01  5.712E+07  7.184E+05
2.541E-01  5.570E+07  7.327E+05
2.600E-01  5.429E+07  7.134E+05
2.661E-01  5.318E+07  6.927E+05
2.723E-01  5.191E+07  6.976E+05
2.786E-01  5.071E+07  6.896E+05
2.851E-01  4.925E+07  6.451E+05
2.918E-01  4.810E+07  6.189E+05
2.986E-01  4.720E+07  6.300E+05
3.055E-01  4.632E+07  6.046E+05
3.126E-01  4.532E+07  6.269E+05
3.199E-01  4.393E+07  5.654E+05
3.274E-01  4.315E+07  5.688E+05
3.350E-01  4.214E+07  5.443E+05
3.428E-01  4.117E+07  5.328E+05
3.508E-01  4.023E+07  5.427E+05
3.589E-01  3.932E+07  5.457E+05
3.673E-01  3.842E+07  5.177E+05
3.759E-01  3.751E+07  5.020E+05
3.846E-01  3.685E+07  4.821E+05
3.936E-01  3.592E+07  4.641E+05
4.027E-01  3.489E+07  4.876E+05
4.121E-01  3.416E+07  4.612E+05
4.217E-01  3.344E+07  4.385E+05
4.315E-01  3.288E+07  4.159E+05
4.416E-01  3.209E+07  4.178E+05
4.519E-01  3.137E+07  4.186E+05
4.624E-01  3.050E+07  4.005E+05
4.732E-01  2.990E+07  3.797E+05
4.842E-01  2.909E+07  3.821E+05
4.955E-01  2.846E+07  3.736E+05
5.070E-01  2.788E+07  3.682E+05
5.188E-01  2.710E+07  3.585E+05
5.309E-01  2.664E+07  3.381E+05
5.433E-01  2.600E+07  3.435E+05
5.559E-01  2.546E+07  3.513E+05
5.689E-01  2.494E+07  3.280E+05
5.821E-01  2.424E+07  3.221E+05
5.957E-01  2.373E+07  3.235E+05
6.096E-01  2.306E+07  3.012E+05
6.238E-01  2.255E+07  3.072E+05
6.383E-01  2.213E+07  2.959E+05
6.532E-01  2.162E+07  2.907E+05
6.684E-01  2.113E+07  2.823E+05
6.840E-01  2.060E+07  2.763E+05
6.999E-01  2.016E+07  2.704E+05
7.162E-01  1.971E+07  2.713E+05
7.329E-01  1.917E+07  2.522E+05
7.499E-01  1.877E+07  2.422E+05
7.674E-01  1.843E+07  2.323E+05
7.853E-01  1.795E+07  2.442E+05
8.036E-01  1.756E+07  2.275E+05
8.223E-01  1.710E+07  2.260E+05
8.415E-01  1.679E+07  2.286E+05
8.611E-01  1.636E+07  2.121E+05
8.811E-01  1.601E+07  2.118E+05
9.016E-01  1.568E+07  2.088E+05
9.226E-01  1.529E+07  2.043E+05
9.441E-01  1.489E+07  1.991E+05
9.661E-01  1.454E+07  1.931E+05
9.886E-01  1.430E+07  1.836E+05
1.012E+00  1.390E+07  1.904E+05
1.035E+00  1.358E+07  1.761E+05
1.059E+00  1.325E+07  1.775E+05
1.084E+00  1.298E+07  1.773E+05
1.109E+00  1.272E+07  1.666E+05
1.135E+00  1.243E+07  1.710E+05
1.162E+00  1.212E+07  1.618E+05
1.189E+00  1.180E+07  1.580E+05
1.216E+00  1.162E+07  1.569E+05
1.245E+00  1.130E+07  1.524E+05
1.274E+00  1.105E+07  1.478E+05
1.303E+00  1.083E+07  1.452E+05
1.334E+00  1.053E+07  1.338E+05
1.365E+00  1.036E+07  1.378E+05
1.396E+00  1.007E+07  1.359E+05
1.429E+00  9.842E+06  1.282E+05
1.462E+00  9.599E+06  1.296E+05
1.496E+00  9.395E+06  1.240E+05
1.531E+00  9.191E+06  1.206E+05
1.567E+00  8.980E+06  1.209E+05
1.603E+00  8.792E+06  1.170E+05
1.641E+00  8.559E+06  1.122E+05
1.679E+00  8.368E+06  1.108E+05
1.718E+00  8.151E+06  1.109E+05
1.758E+00  7.967E+06  1.039E+05
1.799E+00  7.817E+06  1.020E+05
1.841E+00  7.688E+06  1.046E+05
1.884E+00  7.446E+06  1.016E+05
1.928E+00  7.317E+06  9.726E+04
1.973E+00  7.085E+06  9.570E+04
2.019E+00  6.942E+06  9.435E+04
2.066E+00  6.780E+06  9.087E+04
2.114E+00  6.671E+06  8.870E+04
2.163E+00  6.493E+06  8.618E+04
2.213E+00  6.336E+06  8.471E+04
2.265E+00  6.187E+06  8.422E+04
2.318E+00  6.064E+06  8.171E+04
2.372E+00  5.903E+06  7.927E+04
2.427E+00  5.787E+06  7.424E+04
2.483E+00  5.644E+06  7.538E+04
2.541E+00  5.533E+06  7.448E+04
2.600E+00  5.375E+06  7.168E+04
2.661E+00  5.262E+06  7.131E+04
2.723E+00  5.117E+06  6.846E+04
2.786E+00  5.006E+06  6.612E+04
2.851E+00  4.916E+06  6.434E+04
2.918E+00  4.806E+06  6.616E+04
2.986E+00  4.686E+06  6.356E+04
3.055E+00  4.571E+06  6.166E+04
3.126E+00  4.482E+06  6.231E+04
3.199E+00  4.348E+06  5.811E+04
3.274E+00  4.268E+06  5.573E+04
3.350E+00  4.156E+06  5.523E+04
3.428E+00  4.082E+06  5.593E+04
3.508E+00  3.986E+06  5.373E+04
3.589E+00  3.884E+06  5.322E+04
3.673E+00  3.804E+06  5.142E+04
3.759E+00  3.713E+06  4.917E+04
3.846E+00  3.630E+06  4.803E+04
3.936E+00  3.533E+06  4.816E+04
4.027E+00  3.474E+06  4.648E+04
4.121E+00  3.395E+06  4.523E+04
4.217E+00  3.309E+06  4.682E+04
4.315E+00  3.262E+06  4.237E+04
4.416E+00  3.154E+06  4.272E+04
4.519E+00  3.094E+06  4.247E+04
4.624E+00  3.016E+06  4.172E+04
4.732E+00  2.940E+06  3.937E+04
4.842E+00  2.885E+06  3.921E+04
4.955E+00  2.822E+06  3.672E+04
5.070E+00  2.744E+06  3.745E+04
5.188E+00  2.682E+06  3.619E+04
5.309E+00  2.622E+06  3.343E+04
5.433E+00  2.553E+06  3.549E+04
5.559E+00  2.508E+06  3.356E+04
5.689E+00  2.453E+06  3.198E+04
5.821E+00  2.386E+06  3.093E+04
5.957E+00  2.325E+06  3.001E+04
6.096E+00  2.279E+06  3.045E+04
6.238E+00  2.229E+06  2.882E+04
6.383E+00  2.181E+06  2.861E+04
6.532E+00  2.107E+06  2.783E+04
6.684E+00  2.072E+06  2.793E+04
6.840E+00  2.021E+06  2.769E+04
6.999E+00  1.985E+06  2.603E+04
7.162E+00  1.926E+06  2.627E+04
7.329E+00  1.882E+06  2.537E+04
7.499E+00  1.841E+06  2.501E+04
7.674E+00  1.802E+06  2.495E+04
7.853E+00  1.766E+06  2.219E+04
8.036E+00  1.717E+06  2.240E+04
8.223E+00  1.676E+06  2.210E+04
8.415E+00  1.647E+06  2.238E+04
8.611E+00  1.607E+06  2.137E+04
8.811E+00  1.555E+06  1.999E+04
9.016E+00  1.524E+06  2.024E+04
9.226E+00  1.492E+06  2.002E+04
9.441E+00  1.453E+06  1.945E+04
9.661E+00  1.426E+06  1.947E+04
9.886E+00  1.391E+06  1.840E+04
1.012E+01  1.362E+06  1.859E+04
1.035E+01  1.330E+06  1.795E+04
1.059E+01  1.289E+06  1.722E+04
1.084E+01  1.257E+06  1.705E+04
1.109E+01  1.229E+06  1.636E+04
1.135E+01  1.206E+06  1.659E+04
1.162E+01  1.177E+06  1.606E+04
1.189E+01  1.145E+06  1.537E+04
1.216E+01  1.117E+06  1.450E+04
1.245E+01  1.095E+06  1.444E+04
1.274E+01  1.065E+06  1.460E+04
1.303E+01  1.044E+06  1.383E+04
1.334E+01  1.017E+06  1.296E+04
1.365E+01  9.874E+05  1.266E+04
1.396E+01  9.722E+05  1.252E+04
1.429E+01  9.466E+05  1.257E+04
1.462E+01  9.209E+05  1.227E+04
1.496E+01  8.990E+05  1.214E+04
1.531E+01  8.772E+05  1.180E+04
1.567E+01  8.630E+05  1.153E+04
1.603E+01  8.400E+05  1.126E+04
1.641E+01  8.184E+05  1.108E+04
1.679E+01  7.971E+05  1.054E+04
1.718E+01  7.818E+05  1.109E+04
1.758E+01  7.638E+05  1.021E+04
1.799E+01  7.488E+05  1.031E+04
1.841E+01  7.241E+05  9.862E+03
1.884E+01  7.097E+05  9.559E+03
1.928E+01  6.929E+05  9.336E+03
1.973E+01  6.777E+05  9.054E+03
2.019E+01  6.629E+05  8.745E+03
2.066E+01  6.491E+05  8.761E+03
2.114E+01  6.285E+05  7.949E+03
2.163E+01  6.131E+05  7.777E+03
2.213E+01  6.003E+05  8.083E+03
2.265E+01  5.880E+05  7.615E+03
2.318E+01  5.716E+05  7.433E+03
2.372E+01  5.578E+05  7.447E+03
2.427E+01  5.421E+05  7.339E+03
2.483E+01  5.310E+05  7.247E+03
2.541E+01  5.176E+05  6.721E+03
2.600E+01  5.043E+05  6.465E+03
2.661E+01  4.908E+05  6.548E+03
2.723E+01  4.834E+05  6.374E+03
2.786E+01  4.688E+05  6.261E+03
2.851E+01  4.563E+05  6.156E+03
2.918E+01  4.456E+05  5.843E+03
2.986E+01  4.375E+05  5.684E+03
3.055E+01  4.253E+05  5.428E+03
3.126E+01  4.131E+05  5.596E+03
3.199E+01  4.057E+05  5.308E+03
3.274E+01  3.946E+05  5.286E+03
3.350E+01  3.829E+05  4.942E+03
3.428E+01  3.748E+05  4.795E+03
3.508E+01  3.641E+05  4.750E+03
3.589E+01  3.571E+05  4.708E+03
3.673E+01  3.474E+05  4.494E+03
3.759E+01  3.361E+05  4.570E+03
3.846E+01  3.310E+05  4.266E+03
3.936E+01  3.224E+05  4.287E+03
4.027E+01  3.133E+05  4.147E+03
4.121E+01  3.062E+05  4.089E+03
4.217E+01  2.975E+05  4.019E+03
4.315E+01  2.904E+05  3.861E+03
4.416E+01  2.830E+05  3.713E+03
4.519E+01  2.759E+05  3.572E+03
4.624E+01  2.711E+05  3.695E+03
4.732E+01  2.613E+05  3.563E+03
4.842E+01  2.550E+05  3.396E+03
4.955E+01  2.492E+05  3.355E+03
5.070E+01  2.423E+05  3.281E+03
5.188E+01  2.369E+05  3.158E+03
5.309E+01  2.306E+05  3.152E+03
5.433E+01  2.232E+05  2.940E+03
5.559E+01  2.188E+05  2.846E+03
5.689E+01  2.136E+05  2.721E+03
5.821E+01  2.079E+05  2.737E+03
5.957E+01  2.021E+05  2.781E+03
6.096E+01  1.964E+05  2.640E+03
6.238E+01  1.911E+05  2.537E+03
6.383E+01  1.860E+05  2.505E+03
6.532E+01  1.815E+05  2.380E+03
6.684E+01  1.765E+05  2.392E+03
6.840E+01  1.722E+05  2.298E+03
6.999E+01  1.681E+05  2.151E+03
7.162E+01  1.633E+05  2.066E+03
7.329E+01  1.591E+05  2.166E+03
7.499E+01  1.547E+05  1.969E+03
7.674E+01  1.504E+05  1.974E+03
7.853E+01  1.462E+05  2.026E+03
8.036E+01  1.428E+05  1.920E+03
8.223E+01  1.388E+05  1.803E+03
8.415E+01  1.347E+05  1.762E+03
8.611E+01  1.317E+05  1.705E+03
8.811E+01  1.276E+05  1.642E+03
9.016E+01  1.248E+05  1.714E+03
9.226E+01  1.209E+05  1.637E+03
9.441E+01  1.177E+05  1.558E+03
9.661E+01  1.149E+05  1.550E+03
9.886E+01  1.105E+05  1.462E+03
1.012E+02  1.084E+05  1.375E+03
1.035E+02  1.048E+05  1.363E+03
1.059E+02  1.019E+05  1.337E+03
1.084E+02  9.866E+04  1.309E+03
1.109E+02  9.618E+04  1.261E+03
1.135E+02  9.293E+04  1.230E+03
1.162E+02  9.059E+04  1.226E+03
1.189E+02  8.831E+04  1.147E+03
1.216E+02  8.559E+04  1.145E+03
1.245E+02  8.307E+04  1.105E+03
1.274E+02  8.048E+04  1.072E+03
1.303E+02  7.886E+04  1.029E+03
1.334E+02  7.613E+04  9.745E+02
1.365E+02  7.406E+04  9.574E+02
1.396E+02  7.163E+04  9.243E+02
1.429E+02  6.969E+04  9.337E+02
1.462E+02  6.761E+04  8.665E+02
1.496E+02  6.525E+04  8.058E+02
1.531E+02  6.322E+04  8.197E+02
1.567E+02  6.147E+04  8.175E+02
1.603E+02  5.977E+04  7.791E+02
1.641E+02  5.760E+04  7.735E+02
1.679E+02  5.626E+04  7.405E+02
1.718E+02  5.422E+04  7.329E+02
1.758E+02  5.295E+04  6.656E+02
1.799E+02  5.127E+04  6.549E+02
1.841E+02  4.958E+04  6.222E+02
1.884E+02  4.788E+04  5.892E+02
1.928E+02  4.652E+04  5.988E+02
1.973E+02  4.506E+04  5.927E+02
2.019E+02  4.395E+04  5.528E+02
2.066E+02  4.205E+04  5.407E+02
2.114E+02  4.070E+04  5.480E+02
2.163E+02  3.957E+04  5.200E+02
2.213E+02  3.825E+04  4.850E+02
2.265E+02  3.695E+04  4.861E+02
2.318E+02  3.566E+04  4.636E+02
2.372E+02  3.467E+04  4.530E+02
2.427E+02  3.330E+04  4.236E+02
2.483E+02  3.218E+04  4.215E+02
2.541E+02  3.126E+04  3.940E+02
2.600E+02  3.010E+04  3.911E+02
2.661E+02  2.915E+04  3.774E+02
2.723E+02  2.831E+04  3.648E+02
2.786E+02  2.726E+04  3.735E+02
2.851E+02  2.644E+04  3.217E+02
2.918E+02  2.526E+04  3.221E+02
2.986E+02  2.441E+04  2.953E+02
3.055E+02  2.361E+04  2.983E+02
3.126E+02  2.286E+04  2.776E+02
3.199E+02  2.209E+04  2.873E+02
3.274E+02  2.135E+04  2.518E+02
3.350E+02  2.050E+04  2.726E+02
3.428E+02  1.991E+04  2.629E+02
3.508E+02  1.903E+04  2.595E+02
3.589E+02  1.832E+04  2.467E+02
3.673E+02  1.765E+04  2.301E+02
3.759E+02  1.701E+04  2.330E+02
3.846E+02  1.645E+04  2.097E+02
3.936E+02  1.581E+04  2.011E+02
4.027E+02  1.522E+04  1.971E+02
4.121E+02  1.468E+04  1.859E+02
4.217E+02  1.408E+04  1.734E+02
4.315E+02  1.355E+04  1.688E+02
4.416E+02  1.307E+04  1.777E+02
4.519E+02  1.254E+04  1.597E+02
4.624E+02  1.218E+04  1.594E+02
4.732E+02  1.161E+04  1.452E+02
4.842E+02  1.113E+04  1.474E+02
4.955E+02  1.076E+04  1.348E+02
5.070E+02  1.033E+04  1.390E+02
5.188E+02  9.963E+03  1.223E+02
5.309E+02  9.512E+03  1.156E+02
5.433E+02  9.101E+03  1.172E+02
5.559E+02  8.789E+03  1.141E+02
5.689E+02  8.444E+03  1.048E+02
5.821E+02  8.125E+03  1.000E+02
5.957E+02  7.737E+03  9.921E+01
6.096E+02  7.440E+03  8.593E+01
6.238E+02  7.077E+03  8.778E+01
6.383E+02  6.811E+03  8.268E+01
6.532E+02  6.468E+03  8.307E+01
6.684E+02  6.215E+03  7.837E+01
6.840E+02  5.964E+03  7.760E+01
6.999E+02  5.660E+03  7.159E+01
7.162E+02  5.490E+03  6.555E+01
7.329E+02  5.234E+03  6.891E+01
7.499E+02  4.925E+03  6.154E+01
7.674E+02  4.759E+03  6.079E+01
7.853E+02  4.520E+03  5.928E+01
8.036E+02  4.305E+03  5.350E+01
8.223E+02  4.117E+03  4.904E+01
8.415E+02  3.872E+03  4.898E+01
8.611E+02  3.677E+03  4.522E+01
8.811E+02  3.492E+03  4.431E+01
9.016E+02  3.328E+03  3.968E+01
9.226E+02  3.154E+03  3.749E+01
9.441E+02  2.988E+03  3.413E+01
9.661E+02  2.837E+03  3.458E+01
9.886E+02  2.614E+03  3.469E+01
