# Er [keV]  dR/dEr H1 [1/keV/kg/Myr]  12C  13C
1.012E-03  1.243E+07  1.509E+06  2.705E+04
1.035E-03  1.262E+07  1.406E+06  1.586E+04
1.059E-03  1.276E+07  1.302E+06  5.167E+03
1.084E-03  1.248E+07  1.247E+06  2.020E+04
1.109E-03  1.244E+07  1.386E+06  1.480E+04
1.135E-03  1.318E+07  1.413E+06  4.822E+04
1.162E-03  1.280E+07  1.569E+06  3.770E+04
1.189E-03  1.252E+07  1.368E+06  2.302E+04
1.216E-03  1.257E+07  1.480E+06  1.800E+04
1.245E-03  1.232E+07  1.425E+06  1.759E+04
1.274E-03  1.247E+07  1.302E+06  1.719E+04
1.303E-03  1.271E+07  1.302E+06  1.680E+04
1.334E-03  1.241E+07  1.535E+06  4.104E+04
1.365E-03  1.266E+07  1.384E+06  2.005E+04
1.396E-03  1.300E+07  1.509E+06  1.960E+04
1.429E-03  1.246E+07  1.325E+06  2.298E+04
1.462E-03  1.288E+07  1.344E+06  1.871E+04
1.496E-03  1.270E+07  1.353E+06  1.463E+04
1.531E-03  1.261E+07  1.405E+06  1.787E+04
1.567E-03  1.232E+07  1.362E+06  2.096E+04
1.603E-03  1.251E+07  1.464E+06  1.707E+04
1.641E-03  1.259E+07  1.411E+06  2.001E+04
1.679E-03  1.261E+07  1.451E+06  2.608E+04
1.718E-03  1.234E+07  1.462E+06  1.593E+04
1.758E-03  1.241E+07  1.445E+06  9.339E+03
1.799E-03  1.258E+07  1.402E+06  1.521E+04
1.841E-03  1.239E+07  1.484E+06  1.487E+04
1.884E-03  1.247E+07  1.412E+06  2.905E+03
1.928E-03  1.266E+07  1.309E+06  1.136E+04
1.973E-03  1.253E+07  1.379E+06  1.665E+04
2.019E-03  1.235E+07  1.472E+06  1.898E+04
2.066E-03  1.232E+07  1.391E+06  1.325E+04
2.114E-03  1.267E+07  1.302E+06  2.848E+04
2.163E-03  1.249E+07  1.389E+06  2.277E+04
2.213E-03  1.265E+07  1.313E+06  2.473E+04
2.265E-03  1.246E+07  1.411E+06  2.417E+04
2.318E-03  1.243E+07  1.358E+06  2.362E+04
2.372E-03  1.256E+07  1.445E+06  1.385E+04
2.427E-03  1.234E+07  1.407E+06  2.932E+04
2.483E-03  1.263E+07  1.349E+06  2.645E+04
2.541E-03  1.242E+07  1.348E+06  1.938E+04
2.600E-03  1.282E+07  1.429E+06  1.894E+04
2.661E-03  1.244E+07  1.308E+06  3.085E+04
2.723E-03  1.229E+07  1.439E+06  2.010E+04
2.786E-03  1.246E+07  1.383E+06  2.357E+04
2.851E-03  1.257E+07  1.428E+06  1.152E+04
2.918E-03  1.255E+07  1.345E+06  1.313E+04
2.986E-03  1.277E+07  1.340E+06  9.166E+03
3.055E-03  1.209E+07  1.310E+06  1.971E+04
3.126E-03  1.270E+07  1.339E+06  8.753E+03
3.199E-03  1.256E+07  1.213E+06  1.198E+04
3.274E-03  1.248E+07  1.207E+06  1.337E+04
3.350E-03  1.247E+07  1.238E+06  2.287E+04
3.428E-03  1.267E+07  1.193E+06  1.118E+04
3.508E-03  1.265E+07  1.159E+06  1.560E+04
3.589E-03  1.257E+07  1.122E+06  1.982E+04
3.673E-03  1.271E+07  1.061E+06  1.639E+04
3.759E-03  1.253E+07  1.070E+06  1.893E+04
3.846E-03  1.281E+07  1.027E+06  1.565E+04
3.936E-03  1.277E+07  9.748E+05  1.391E+04
4.027E-03  1.264E+07  9.934E+05  9.513E+03
4.121E-03  1.261E+07  9.827E+05  1.328E+04
4.217E-03  1.245E+07  1.015E+06  2.076E+04
4.315E-03  1.230E+07  9.157E+05  1.015E+04
4.416E-03  1.271E+07  8.874E+05  1.239E+04
4.519E-03  1.259E+07  9.120E+05  1.575E+04
4.624E-03  1.257E+07  9.066E+05  1.065E+04
4.732E-03  1.262E+07  8.467E+05  8.097E+03
4.842E-03  1.254E+07  8.839E+05  9.043E+03
4.955E-03  1.232E+07  8.516E+05  1.436E+04
5.070E-03  1.285E+07  7.848E+05  1.295E+04
5.188E-03  1.253E+07  7.838E+05  1.160E+04
5.309E-03  1.271E+07  7.536E+05  4.123E+03
5.433E-03  1.250E+07  7.868E+05  8.059E+03
5.559E-03  1.254E+07  7.196E+05  8.860E+03
5.689E-03  1.256E+07  7.417E+05  7.696E+03
5.821E-03  1.264E+07  7.399E+05  4.701E+03
5.957E-03  1.253E+07  6.689E+05  9.188E+03
6.096E-03  1.257E+07  6.698E+05  2.694E+03
6.238E-03  1.242E+07  6.554E+05  8.774E+03
6.383E-03  1.245E+07  6.379E+05  7.717E+03
6.532E-03  1.259E+07  6.226E+05  9.217E+03
6.684E-03  1.240E+07  6.199E+05  5.732E+03
6.840E-03  1.257E+07  6.034E+05  8.802E+03
6.999E-03  1.247E+07  6.131E+05  9.384E+03
7.162E-03  1.246E+07  5.846E+05  9.170E+03
7.329E-03  1.251E+07  5.735E+05  8.215E+03
7.499E-03  1.255E+07  5.773E+05  6.568E+03
7.674E-03  1.262E+07  5.413E+05  7.132E+03
7.853E-03  1.265E+07  5.199E+05  4.879E+03
8.036E-03  1.233E+07  5.006E+05  2.043E+03
8.223E-03  1.255E+07  4.939E+05  7.987E+03
8.415E-03  1.246E+07  4.950E+05  9.106E+03
8.611E-03  1.250E+07  4.926E+05  8.263E+03
8.811E-03  1.251E+07  4.547E+05  6.833E+03
9.016E-03  1.279E+07  4.638E+05  2.428E+03
9.226E-03  1.250E+07  4.295E+05  5.339E+03
9.441E-03  1.281E+07  4.458E+05  2.319E+03
9.661E-03  1.240E+07  4.209E+05  5.099E+03
9.886E-03  1.250E+07  4.202E+05  3.322E+03
1.012E-02  1.245E+07  3.884E+05  5.951E+03
1.035E-02  1.218E+07  4.044E+05  3.701E+03
1.059E-02  1.196E+07  3.844E+05  5.167E+03
1.084E-02  1.162E+07  3.822E+05  3.534E+03
1.109E-02  1.146E+07  3.661E+05  6.414E+03
1.135E-02  1.101E+07  3.708E+05  4.822E+03
1.162E-02  1.082E+07  3.647E+05  6.597E+03
1.189E-02  1.060E+07  3.541E+05  5.526E+03
1.216E-02  1.048E+07  3.307E+05  3.600E+03
1.245E-02  1.018E+07  3.333E+05  3.518E+03
1.274E-02  9.846E+06  3.322E+05  1.289E+03
1.303E-02  9.632E+06  3.305E+05  5.459E+03
1.334E-02  9.428E+06  3.103E+05  3.694E+03
1.365E-02  9.169E+06  2.996E+05  3.609E+03
1.396E-02  9.074E+06  2.975E+05  6.271E+03
1.429E-02  8.675E+06  2.815E+05  2.681E+03
1.462E-02  8.568E+06  2.983E+05  6.737E+03
1.496E-02  8.444E+06  2.857E+05  3.292E+03
1.531E-02  8.139E+06  2.863E+05  2.860E+03
1.567E-02  8.048E+06  2.686E+05  3.493E+03
1.603E-02  7.882E+06  2.605E+05  2.048E+03
1.641E-02  7.641E+06  2.462E+05  3.669E+03
1.679E-02  7.463E+06  2.500E+05  3.912E+03
1.718E-02  7.224E+06  2.453E+05  2.549E+03
1.758E-02  7.060E+06  2.441E+05  3.424E+03
1.799E-02  7.062E+06  2.403E+05  3.042E+03
1.841E-02  6.836E+06  2.423E+05  2.676E+03
1.884E-02  6.685E+06  2.185E+05  3.777E+03
1.928E-02  6.497E+06  2.212E+05  2.839E+03
1.973E-02  6.393E+06  2.123E+05  2.497E+03
2.019E-02  6.217E+06  2.058E+05  4.881E+03
2.066E-02  6.115E+06  1.993E+05  3.180E+03
2.114E-02  5.899E+06  1.968E+05  2.330E+03
2.163E-02  5.802E+06  1.875E+05  2.277E+03
2.213E-02  5.697E+06  1.872E+05  2.473E+03
2.265E-02  5.522E+06  1.989E+05  2.175E+03
2.318E-02  5.435E+06  1.911E+05  2.834E+03
2.372E-02  5.279E+06  1.692E+05  2.769E+03
2.427E-02  5.154E+06  1.712E+05  1.804E+03
2.483E-02  5.034E+06  1.739E+05  1.543E+03
2.541E-02  4.948E+06  1.809E+05  2.585E+03
2.600E-02  4.798E+06  1.703E+05  1.894E+03
2.661E-02  4.756E+06  1.619E+05  2.674E+03
2.723E-02  4.580E+06  1.602E+05  3.015E+03
2.786E-02  4.454E+06  1.520E+05  2.554E+03
2.851E-02  4.398E+06  1.428E+05  2.879E+03
2.918E-02  4.277E+06  1.405E+05  1.501E+03
2.986E-02  4.212E+06  1.432E+05  1.467E+03
3.055E-02  4.083E+06  1.422E+05  2.508E+03
3.126E-02  4.058E+06  1.346E+05  1.576E+03
3.199E-02  3.946E+06  1.382E+05  1.026E+03
3.274E-02  3.817E+06  1.419E+05  2.006E+03
3.350E-02  3.717E+06  1.315E+05  1.307E+03
3.428E-02  3.683E+06  1.236E+05  1.437E+03
3.508E-02  3.569E+06  1.192E+05  1.092E+03
3.589E-02  3.542E+06  1.205E+05  2.592E+03
3.673E-02  3.418E+06  1.150E+05  1.937E+03
3.759E-02  3.333E+06  1.204E+05  1.019E+03
3.846E-02  3.247E+06  1.171E+05  1.138E+03
3.936E-02  3.211E+06  1.117E+05  5.562E+02
4.027E-02  3.131E+06  1.046E+05  9.513E+02
4.121E-02  3.055E+06  1.040E+05  7.968E+02
4.217E-02  2.935E+06  1.056E+05  1.817E+03
4.315E-02  2.903E+06  1.048E+05  1.015E+03
4.416E-02  2.839E+06  9.568E+04  7.436E+02
4.519E-02  2.759E+06  9.726E+04  1.211E+03
4.624E-02  2.699E+06  9.540E+04  1.184E+03
4.732E-02  2.638E+06  9.253E+04  1.735E+03
4.842E-02  2.581E+06  9.653E+04  1.356E+03
4.955E-02  2.507E+06  8.870E+04  1.215E+03
5.070E-02  2.499E+06  8.679E+04  1.079E+03
5.188E-02  2.444E+06  9.125E+04  1.160E+03
5.309E-02  2.371E+06  8.422E+04  1.031E+03
5.433E-02  2.345E+06  7.737E+04  8.059E+02
5.559E-02  2.247E+06  8.171E+04  3.938E+02
5.689E-02  2.215E+06  7.879E+04  2.020E+03
5.821E-02  2.178E+06  7.371E+04  1.316E+03
5.957E-02  2.111E+06  7.240E+04  5.513E+02
6.096E-02  2.044E+06  7.569E+04  1.167E+03
6.238E-02  1.999E+06  7.168E+04  7.897E+02
6.383E-02  1.982E+06  6.842E+04  1.200E+03
6.532E-02  1.941E+06  7.365E+04  1.676E+03
6.684E-02  1.874E+06  6.854E+04  8.188E+02
6.840E-02  1.835E+06  6.586E+04  1.120E+03
6.999E-02  1.773E+06  6.303E+04  7.038E+02
7.162E-02  1.754E+06  6.855E+04  5.349E+02
7.329E-02  1.714E+06  5.967E+04  5.228E+02
7.499E-02  1.672E+06  6.203E+04  8.028E+02
7.674E-02  1.650E+06  5.991E+04  7.845E+02
7.853E-02  1.593E+06  5.840E+04  1.045E+03
8.036E-02  1.563E+06  5.796E+04  1.158E+03
8.223E-02  1.525E+06  5.584E+04  9.318E+02
8.415E-02  1.492E+06  5.743E+04  1.106E+03
8.611E-02  1.450E+06  5.670E+04  6.992E+02
8.811E-02  1.427E+06  5.298E+04  5.590E+02
9.016E-02  1.382E+06  4.984E+04  8.498E+02
9.226E-02  1.369E+06  5.540E+04  4.746E+02
9.441E-02  1.325E+06  5.101E+04  8.695E+02
9.661E-02  1.300E+06  4.951E+04  5.099E+02
9.886E-02  1.279E+06  4.733E+04  7.197E+02
1.012E-01  1.246E+06  4.853E+04  3.787E+02
1.035E-01  1.209E+06  4.504E+04  4.230E+02
1.059E-01  1.171E+06  4.557E+04  5.167E+02
1.084E-01  1.154E+06  4.403E+04  6.564E+02
1.109E-01  1.124E+06  4.411E+04  8.881E+02
1.135E-01  1.103E+06  4.262E+04  3.857E+02
1.162E-01  1.067E+06  4.095E+04  5.183E+02
1.189E-01  1.047E+06  4.006E+04  5.065E+02
1.216E-01  1.027E+06  4.293E+04  2.250E+02
1.245E-01  1.003E+06  3.755E+04  7.915E+02
1.274E-01  9.842E+05  3.868E+04  5.157E+02
1.303E-01  9.588E+05  3.960E+04  6.299E+02
1.334E-01  9.391E+05  3.780E+04  4.104E+02
1.365E-01  9.150E+05  3.658E+04  4.412E+02
1.396E-01  9.030E+05  3.574E+04  5.095E+02
1.429E-01  8.780E+05  3.512E+04  8.043E+02
1.462E-01  8.613E+05  3.455E+04  2.246E+02
1.496E-01  8.438E+05  3.259E+04  5.486E+02
1.531E-01  8.218E+05  3.410E+04  5.362E+02
1.567E-01  7.994E+05  3.179E+04  3.144E+02
1.603E-01  7.872E+05  3.253E+04  3.072E+02
1.641E-01  7.710E+05  3.312E+04  6.338E+02
1.679E-01  7.470E+05  3.006E+04  4.564E+02
1.718E-01  7.231E+05  2.985E+04  4.460E+02
1.758E-01  7.090E+05  2.802E+04  2.802E+02
1.799E-01  7.048E+05  2.890E+04  4.259E+02
1.841E-01  6.787E+05  2.833E+04  4.162E+02
1.884E-01  6.623E+05  2.760E+04  4.358E+02
1.928E-01  6.523E+05  2.694E+04  4.827E+02
1.973E-01  6.318E+05  2.794E+04  1.665E+02
2.019E-01  6.196E+05  2.728E+04  3.796E+02
2.066E-01  6.071E+05  2.687E+04  2.650E+02
2.114E-01  5.967E+05  2.522E+04  4.661E+02
2.163E-01  5.766E+05  2.295E+04  2.530E+02
2.213E-01  5.710E+05  2.428E+04  2.473E+02
2.265E-01  5.524E+05  2.339E+04  2.900E+02
2.318E-01  5.369E+05  2.458E+04  3.306E+02
2.372E-01  5.274E+05  2.301E+04  2.539E+02
2.427E-01  5.171E+05  2.375E+04  4.736E+02
2.483E-01  5.007E+05  2.197E+04  2.204E+02
2.541E-01  4.989E+05  2.124E+04  4.092E+02
2.600E-01  4.821E+05  2.075E+04  3.368E+02
2.661E-01  4.697E+05  2.108E+04  2.263E+02
2.723E-01  4.607E+05  2.068E+04  4.020E+02
2.786E-01  4.461E+05  1.984E+04  2.946E+02
2.851E-01  4.385E+05  2.019E+04  4.031E+02
2.918E-01  4.293E+05  2.000E+04  2.626E+02
2.986E-01  4.230E+05  1.927E+04  3.483E+02
3.055E-01  4.117E+05  1.904E+04  1.254E+02
3.126E-01  4.054E+05  1.735E+04  3.151E+02
3.199E-01  3.890E+05  1.704E+04  2.566E+02
3.274E-01  3.783E+05  1.804E+04  2.173E+02
3.350E-01  3.757E+05  1.778E+04  2.451E+02
3.428E-01  3.691E+05  1.712E+04  2.555E+02
3.508E-01  3.608E+05  1.607E+04  2.496E+02
3.589E-01  3.511E+05  1.642E+04  1.525E+02
3.673E-01  3.386E+05  1.603E+04  1.937E+02
3.759E-01  3.349E+05  1.664E+04  1.747E+02
3.846E-01  3.251E+05  1.614E+04  1.992E+02
3.936E-01  3.171E+05  1.448E+04  1.530E+02
4.027E-01  3.132E+05  1.564E+04  1.359E+02
4.121E-01  3.025E+05  1.437E+04  1.992E+02
4.217E-01  3.001E+05  1.515E+04  1.298E+02
4.315E-01  2.899E+05  1.461E+04  1.776E+02
4.416E-01  2.838E+05  1.460E+04  2.107E+02
4.519E-01  2.782E+05  1.435E+04  1.211E+02
4.624E-01  2.717E+05  1.320E+04  2.722E+02
4.732E-01  2.663E+05  1.324E+04  1.388E+02
4.842E-01  2.594E+05  1.296E+04  1.356E+02
4.955E-01  2.517E+05  1.339E+04  1.878E+02
5.070E-01  2.471E+05  1.281E+04  2.159E+02
5.188E-01  2.413E+05  1.247E+04  5.274E+01
5.309E-01  2.326E+05  1.207E+04  1.546E+02
5.433E-01  2.320E+05  1.195E+04  2.015E+02
5.559E-01  2.254E+05  1.177E+04  2.264E+02
5.689E-01  2.222E+05  1.157E+04  1.443E+02
5.821E-01  2.144E+05  1.125E+04  1.880E+02
5.957E-01  2.115E+05  1.164E+04  1.470E+02
6.096E-01  2.059E+05  1.073E+04  1.347E+02
6.238E-01  2.023E+05  1.049E+04  9.651E+01
6.383E-01  1.964E+05  1.023E+04  1.115E+02
6.532E-01  1.946E+05  9.778E+03  2.514E+02
6.684E-01  1.867E+05  1.039E+04  1.228E+02
6.840E-01  1.839E+05  9.843E+03  9.602E+01
6.999E-01  1.770E+05  9.493E+03  9.384E+01
7.162E-01  1.751E+05  9.499E+03  1.681E+02
7.329E-01  1.700E+05  9.843E+03  1.792E+02
7.499E-01  1.687E+05  9.495E+03  7.298E+01
7.674E-01  1.616E+05  9.414E+03  1.284E+02
7.853E-01  1.590E+05  8.984E+03  1.185E+02
8.036E-01  1.565E+05  9.515E+03  1.226E+02
8.223E-01  1.520E+05  8.493E+03  1.198E+02
8.415E-01  1.472E+05  8.566E+03  1.106E+02
8.611E-01  1.443E+05  8.536E+03  1.525E+02
8.811E-01  1.416E+05  8.181E+03  1.180E+02
9.016E-01  1.388E+05  8.340E+03  1.093E+02
9.226E-01  1.361E+05  7.658E+03  9.491E+01
9.441E-01  1.337E+05  7.669E+03  1.275E+02
9.661E-01  1.302E+05  7.557E+03  1.190E+02
9.886E-01  1.272E+05  7.302E+03  7.197E+01
1.012E+00  1.233E+05  7.574E+03  8.656E+01
1.035E+00  1.206E+05  7.227E+03  1.375E+02
1.059E+00  1.163E+05  7.331E+03  9.816E+01
1.084E+00  1.155E+05  6.851E+03  1.111E+02
1.109E+00  1.124E+05  6.646E+03  9.375E+01
1.135E+00  1.113E+05  6.963E+03  9.643E+01
1.162E+00  1.070E+05  6.748E+03  1.084E+02
1.189E+00  1.063E+05  6.442E+03  5.526E+01
1.216E+00  1.028E+05  6.304E+03  9.000E+01
1.245E+00  1.009E+05  6.403E+03  7.476E+01
1.274E+00  9.793E+04  6.205E+03  1.160E+02
1.303E+00  9.648E+04  5.997E+03  9.659E+01
1.334E+00  9.297E+04  6.090E+03  7.797E+01
1.365E+00  9.267E+04  5.811E+03  1.243E+02
1.396E+00  9.008E+04  5.730E+03  7.055E+01
1.429E+00  8.742E+04  5.711E+03  6.511E+01
1.462E+00  8.515E+04  5.334E+03  1.011E+02
1.496E+00  8.396E+04  5.465E+03  8.047E+01
1.531E+00  8.149E+04  5.590E+03  7.506E+01
1.567E+00  7.992E+04  5.428E+03  8.383E+01
1.603E+00  7.909E+04  5.410E+03  5.120E+01
1.641E+00  7.662E+04  5.391E+03  3.669E+01
1.679E+00  7.412E+04  5.239E+03  5.216E+01
1.718E+00  7.273E+04  5.005E+03  7.646E+01
1.758E+00  7.082E+04  4.769E+03  4.981E+01
1.799E+00  6.969E+04  4.670E+03  3.955E+01
1.841E+00  6.784E+04  4.760E+03  4.162E+01
1.884E+00  6.669E+04  4.590E+03  6.392E+01
1.928E+00  6.497E+04  4.480E+03  7.666E+01
1.973E+00  6.316E+04  4.434E+03  5.827E+01
2.019E+00  6.198E+04  4.224E+03  5.152E+01
2.066E+00  6.023E+04  4.430E+03  7.154E+01
2.114E+00  5.904E+04  4.130E+03  6.991E+01
2.163E+00  5.822E+04  4.271E+03  7.338E+01
2.213E+00  5.692E+04  4.043E+03  6.182E+01
2.265E+00  5.525E+04  4.152E+03  3.383E+01
2.318E+00  5.377E+04  3.958E+03  6.612E+01
2.372E+00  5.270E+04  3.939E+03  4.154E+01
2.427E+00  5.154E+04  3.827E+03  3.608E+01
2.483E+00  5.029E+04  3.769E+03  3.967E+01
2.541E+00  4.923E+04  3.661E+03  4.523E+01
2.600E+00  4.806E+04  3.719E+03  6.104E+01
2.661E+00  4.701E+04  3.373E+03  4.114E+01
2.723E+00  4.614E+04  3.389E+03  5.427E+01
2.786E+00  4.455E+04  3.414E+03  5.500E+01
2.851E+00  4.394E+04  3.302E+03  4.415E+01
2.918E+00  4.258E+04  3.221E+03  3.564E+01
2.986E+00  4.216E+04  3.239E+03  3.666E+01
3.055E+00  4.135E+04  3.189E+03  5.374E+01
3.126E+00  4.022E+04  3.165E+03  5.777E+01
3.199E+00  3.929E+04  3.055E+03  2.395E+01
3.274E+00  3.818E+04  3.026E+03  4.180E+01
3.350E+00  3.691E+04  2.923E+03  4.248E+01
3.428E+00  3.635E+04  2.923E+03  3.832E+01
3.508E+00  3.615E+04  2.894E+03  3.121E+01
3.589E+00  3.515E+04  2.679E+03  3.964E+01
3.673E+00  3.377E+04  2.824E+03  3.576E+01
3.759E+00  3.327E+04  2.646E+03  2.330E+01
3.846E+00  3.254E+04  2.711E+03  2.846E+01
3.936E+00  3.162E+04  2.656E+03  4.033E+01
4.027E+00  3.116E+04  2.530E+03  3.261E+01
4.121E+00  3.010E+04  2.444E+03  4.250E+01
4.217E+00  2.950E+04  2.414E+03  4.802E+01
4.315E+00  2.914E+04  2.420E+03  3.044E+01
4.416E+00  2.820E+04  2.392E+03  2.851E+01
4.519E+00  2.741E+04  2.336E+03  3.028E+01
4.624E+00  2.715E+04  2.245E+03  3.787E+01
4.732E+00  2.634E+04  2.231E+03  4.280E+01
4.842E+00  2.563E+04  2.210E+03  3.165E+01
4.955E+00  2.517E+04  2.109E+03  2.761E+01
5.070E+00  2.463E+04  2.129E+03  3.022E+01
5.188E+00  2.436E+04  2.032E+03  2.743E+01
5.309E+00  2.358E+04  2.041E+03  4.020E+01
5.433E+00  2.323E+04  1.969E+03  3.324E+01
5.559E+00  2.256E+04  1.981E+03  2.461E+01
5.689E+00  2.204E+04  1.882E+03  3.271E+01
5.821E+00  2.142E+04  1.946E+03  2.726E+01
5.957E+00  2.084E+04  1.877E+03  2.756E+01
6.096E+00  2.036E+04  1.791E+03  3.232E+01
6.238E+00  1.992E+04  1.824E+03  2.632E+01
6.383E+00  1.966E+04  1.813E+03  2.915E+01
6.532E+00  1.925E+04  1.710E+03  2.598E+01
6.684E+00  1.864E+04  1.683E+03  2.129E+01
6.840E+00  1.847E+04  1.655E+03  1.840E+01
6.999E+00  1.787E+04  1.576E+03  2.502E+01
7.162E+00  1.721E+04  1.615E+03  2.216E+01
7.329E+00  1.697E+04  1.560E+03  2.166E+01
7.499E+00  1.666E+04  1.556E+03  1.897E+01
7.674E+00  1.630E+04  1.538E+03  1.783E+01
7.853E+00  1.571E+04  1.489E+03  1.812E+01
8.036E+00  1.555E+04  1.506E+03  1.975E+01
8.223E+00  1.530E+04  1.427E+03  2.263E+01
8.415E+00  1.473E+04  1.428E+03  1.821E+01
8.611E+00  1.445E+04  1.387E+03  2.161E+01
8.811E+00  1.405E+04  1.348E+03  1.739E+01
9.016E+00  1.385E+04  1.234E+03  1.335E+01
9.226E+00  1.359E+04  1.272E+03  1.542E+01
9.441E+00  1.315E+04  1.209E+03  1.623E+01
9.661E+00  1.293E+04  1.239E+03  1.586E+01
9.886E+00  1.256E+04  1.175E+03  1.716E+01
1.012E+01  1.223E+04  1.173E+03  1.298E+01
1.035E+01  1.217E+04  1.182E+03  1.639E+01
1.059E+01  1.179E+04  1.161E+03  1.808E+01
1.084E+01  1.152E+04  1.079E+03  2.272E+01
1.109E+01  1.121E+04  1.049E+03  1.480E+01
1.135E+01  1.089E+04  1.098E+03  1.157E+01
1.162E+01  1.084E+04  9.862E+02  1.414E+01
1.189E+01  1.050E+04  9.757E+02  1.566E+01
1.216E+01  1.029E+04  9.945E+02  1.755E+01
1.245E+01  1.006E+04  9.789E+02  1.231E+01
1.274E+01  9.842E+03  9.583E+02  1.547E+01
1.303E+01  9.591E+03  9.210E+02  7.559E+00
1.334E+01  9.382E+03  9.295E+02  9.439E+00
1.365E+01  9.138E+03  9.080E+02  1.444E+01
1.396E+01  8.930E+03  8.948E+02  1.607E+01
1.429E+01  8.818E+03  8.817E+02  1.341E+01
1.462E+01  8.563E+03  8.702E+02  1.085E+01
1.496E+01  8.335E+03  8.354E+02  1.353E+01
1.531E+01  8.063E+03  8.185E+02  6.791E+00
1.567E+01  7.860E+03  7.926E+02  9.780E+00
1.603E+01  7.738E+03  7.667E+02  1.229E+01
1.641E+01  7.668E+03  7.546E+02  8.673E+00
1.679E+01  7.479E+03  7.335E+02  8.802E+00
1.718E+01  7.228E+03  7.098E+02  1.147E+01
1.758E+01  7.131E+03  6.740E+02  1.090E+01
1.799E+01  6.921E+03  7.125E+02  8.518E+00
1.841E+01  6.784E+03  6.903E+02  1.308E+01
1.884E+01  6.549E+03  6.793E+02  7.844E+00
1.928E+01  6.450E+03  6.553E+02  8.518E+00
1.973E+01  6.235E+03  6.340E+02  7.769E+00
2.019E+01  6.123E+03  6.583E+02  9.219E+00
2.066E+01  5.974E+03  6.060E+02  5.299E+00
2.114E+01  5.895E+03  6.101E+02  7.509E+00
2.163E+01  5.709E+03  5.769E+02  8.604E+00
2.213E+01  5.622E+03  5.712E+02  8.160E+00
2.265E+01  5.395E+03  5.539E+02  7.250E+00
2.318E+01  5.335E+03  5.597E+02  8.265E+00
2.372E+01  5.283E+03  5.396E+02  8.077E+00
2.427E+01  5.081E+03  5.433E+02  9.021E+00
2.483E+01  5.026E+03  4.877E+02  5.730E+00
2.541E+01  4.892E+03  4.960E+02  6.246E+00
2.600E+01  4.803E+03  4.809E+02  7.577E+00
2.661E+01  4.664E+03  4.883E+02  5.965E+00
2.723E+01  4.545E+03  4.681E+02  4.422E+00
2.786E+01  4.541E+03  4.640E+02  7.464E+00
2.851E+01  4.353E+03  4.505E+02  5.183E+00
2.918E+01  4.245E+03  4.566E+02  7.879E+00
2.986E+01  4.195E+03  4.341E+02  6.049E+00
3.055E+01  4.047E+03  4.142E+02  5.733E+00
3.126E+01  3.951E+03  4.140E+02  8.228E+00
3.199E+01  3.893E+03  4.087E+02  5.132E+00
3.274E+01  3.809E+03  3.966E+02  5.852E+00
3.350E+01  3.720E+03  3.789E+02  5.718E+00
3.428E+01  3.624E+03  3.821E+02  4.471E+00
3.508E+01  3.519E+03  3.804E+02  4.525E+00
3.589E+01  3.456E+03  3.618E+02  5.794E+00
3.673E+01  3.396E+03  3.469E+02  5.662E+00
3.759E+01  3.301E+03  3.342E+02  3.932E+00
3.846E+01  3.238E+03  3.353E+02  4.838E+00
3.936E+01  3.148E+03  3.268E+02  5.840E+00
4.027E+01  3.107E+03  3.184E+02  3.397E+00
4.121E+01  2.964E+03  3.195E+02  5.046E+00
4.217E+01  2.956E+03  3.073E+02  3.504E+00
4.315E+01  2.852E+03  2.987E+02  4.566E+00
4.416E+01  2.820E+03  3.004E+02  4.586E+00
4.519E+01  2.720E+03  2.885E+02  3.755E+00
4.624E+01  2.713E+03  2.805E+02  3.432E+00
4.732E+01  2.609E+03  2.702E+02  2.776E+00
4.842E+01  2.550E+03  2.654E+02  2.939E+00
4.955E+01  2.524E+03  2.639E+02  3.203E+00
5.070E+01  2.415E+03  2.665E+02  3.238E+00
5.188E+01  2.391E+03  2.469E+02  2.637E+00
5.309E+01  2.332E+03  2.329E+02  2.989E+00
5.433E+01  2.280E+03  2.373E+02  3.022E+00
5.559E+01  2.214E+03  2.363E+02  3.643E+00
5.689E+01  2.163E+03  2.360E+02  2.694E+00
5.821E+01  2.125E+03  2.169E+02  2.820E+00
5.957E+01  2.069E+03  2.224E+02  3.216E+00
6.096E+01  2.049E+03  2.180E+02  3.412E+00
6.238E+01  1.985E+03  2.103E+02  3.071E+00
6.383E+01  1.962E+03  2.046E+02  2.058E+00
6.532E+01  1.912E+03  1.922E+02  3.603E+00
6.684E+01  1.860E+03  1.927E+02  1.965E+00
6.840E+01  1.814E+03  1.909E+02  2.161E+00
6.999E+01  1.765E+03  1.855E+02  2.346E+00
7.162E+01  1.696E+03  1.820E+02  1.987E+00
7.329E+01  1.689E+03  1.810E+02  2.539E+00
7.499E+01  1.625E+03  1.728E+02  2.919E+00
7.674E+01  1.611E+03  1.662E+02  2.211E+00
7.853E+01  1.576E+03  1.679E+02  1.394E+00
8.036E+01  1.535E+03  1.624E+02  2.384E+00
8.223E+01  1.496E+03  1.593E+02  1.531E+00
8.415E+01  1.474E+03  1.526E+02  2.277E+00
8.611E+01  1.441E+03  1.498E+02  2.288E+00
8.811E+01  1.401E+03  1.492E+02  2.050E+00
9.016E+01  1.370E+03  1.447E+02  2.367E+00
9.226E+01  1.352E+03  1.418E+02  1.839E+00
9.441E+01  1.293E+03  1.416E+02  2.087E+00
9.661E+01  1.283E+03  1.313E+02  1.586E+00
9.886E+01  1.248E+03  1.292E+02  1.882E+00
1.012E+02  1.216E+03  1.245E+02  1.353E+00
1.035E+02  1.182E+03  1.234E+02  1.375E+00
1.059E+02  1.154E+03  1.213E+02  1.033E+00
1.084E+02  1.141E+03  1.207E+02  1.767E+00
1.109E+02  1.101E+03  1.174E+02  1.530E+00
1.135E+02  1.083E+03  1.123E+02  1.543E+00
1.162E+02  1.069E+03  1.114E+02  1.414E+00
1.189E+02  1.035E+03  1.077E+02  1.197E+00
1.216E+02  1.010E+03  1.107E+02  1.575E+00
1.245E+02  9.768E+02  1.033E+02  1.715E+00
1.274E+02  9.786E+02  9.639E+01  1.246E+00
1.303E+02  9.485E+02  1.006E+02  1.470E+00
1.334E+02  9.192E+02  9.414E+01  1.272E+00
1.365E+02  8.896E+02  9.312E+01  1.123E+00
1.396E+02  8.747E+02  8.618E+01  1.215E+00
1.429E+02  8.586E+02  8.625E+01  8.426E-01
1.462E+02  8.369E+02  8.856E+01  9.731E-01
1.496E+02  8.170E+02  8.522E+01  1.207E+00
1.531E+02  7.989E+02  8.503E+01  1.287E+00
1.567E+02  7.744E+02  7.929E+01  1.048E+00
1.603E+02  7.614E+02  7.571E+01  8.875E-01
1.641E+02  7.459E+02  7.359E+01  9.007E-01
1.679E+02  7.261E+02  7.136E+01  1.011E+00
1.718E+02  7.053E+02  7.158E+01  1.274E+00
1.758E+02  7.038E+02  6.777E+01  7.783E-01
1.799E+02  6.823E+02  7.000E+01  1.156E+00
1.841E+02  6.594E+02  6.850E+01  1.070E+00
1.884E+02  6.478E+02  6.552E+01  9.007E-01
1.928E+02  6.365E+02  6.249E+01  9.369E-01
1.973E+02  6.230E+02  6.149E+01  7.769E-01
2.019E+02  6.032E+02  5.938E+01  7.321E-01
2.066E+02  5.865E+02  5.811E+01  6.889E-01
2.114E+02  5.783E+02  5.596E+01  5.179E-01
2.163E+02  5.575E+02  5.451E+01  7.844E-01
2.213E+02  5.418E+02  5.287E+01  9.397E-01
2.265E+02  5.373E+02  5.198E+01  6.766E-01
2.318E+02  5.219E+02  5.120E+01  6.612E-01
2.372E+02  5.173E+02  4.823E+01  6.000E-01
2.427E+02  4.989E+02  4.869E+01  6.766E-01
2.483E+02  4.891E+02  4.611E+01  4.849E-01
2.541E+02  4.763E+02  4.693E+01  4.523E-01
2.600E+02  4.627E+02  4.302E+01  6.314E-01
2.661E+02  4.549E+02  4.326E+01  5.759E-01
2.723E+02  4.447E+02  4.309E+01  7.236E-01
2.786E+02  4.343E+02  4.123E+01  3.536E-01
2.851E+02  4.204E+02  3.989E+01  5.183E-01
2.918E+02  4.102E+02  3.814E+01  4.877E-01
2.986E+02  4.023E+02  3.910E+01  4.950E-01
3.055E+02  3.902E+02  3.694E+01  5.374E-01
3.126E+02  3.814E+02  3.673E+01  4.902E-01
3.199E+02  3.699E+02  3.389E+01  4.619E-01
3.274E+02  3.645E+02  3.432E+01  3.678E-01
3.350E+02  3.584E+02  3.274E+01  4.738E-01
3.428E+02  3.460E+02  3.150E+01  4.151E-01
3.508E+02  3.401E+02  3.103E+01  4.213E-01
3.589E+02  3.272E+02  2.987E+01  4.574E-01
3.673E+02  3.201E+02  2.897E+01  4.321E-01
3.759E+02  3.131E+02  2.866E+01  4.805E-01
3.846E+02  3.067E+02  2.729E+01  3.842E-01
3.936E+02  2.989E+02  2.613E+01  3.337E-01
4.027E+02  2.934E+02  2.635E+01  2.990E-01
4.121E+02  2.816E+02  2.547E+01  3.054E-01
4.217E+02  2.770E+02  2.345E+01  4.542E-01
4.315E+02  2.684E+02  2.349E+01  3.297E-01
4.416E+02  2.650E+02  2.383E+01  2.974E-01
4.519E+02  2.593E+02  2.225E+01  2.301E-01
4.624E+02  2.481E+02  2.154E+01  3.196E-01
4.732E+02  2.462E+02  2.103E+01  3.586E-01
4.842E+02  2.379E+02  2.100E+01  3.730E-01
4.955E+02  2.335E+02  1.956E+01  1.105E-01
5.070E+02  2.253E+02  1.924E+01  3.130E-01
5.188E+02  2.211E+02  1.888E+01  2.321E-01
5.309E+02  2.135E+02  1.786E+01  1.649E-01
5.433E+02  2.116E+02  1.816E+01  2.619E-01
5.559E+02  2.056E+02  1.723E+01  2.560E-01
5.689E+02  2.013E+02  1.686E+01  2.213E-01
5.821E+02  1.945E+02  1.642E+01  2.256E-01
5.957E+02  1.894E+02  1.564E+01  1.654E-01
6.096E+02  1.852E+02  1.509E+01  1.975E-01
6.238E+02  1.796E+02  1.529E+01  2.632E-01
6.383E+02  1.734E+02  1.495E+01  1.972E-01
6.532E+02  1.687E+02  1.381E+01  2.262E-01
6.684E+02  1.654E+02  1.417E+01  2.047E-01
6.840E+02  1.631E+02  1.314E+01  2.321E-01
6.999E+02  1.571E+02  1.323E+01  1.095E-01
7.162E+02  1.543E+02  1.255E+01  1.605E-01
7.329E+02  1.501E+02  1.205E+01  1.494E-01
7.499E+02  1.446E+02  1.218E+01  2.189E-01
7.674E+02  1.441E+02  1.143E+01  1.783E-01
7.853E+02  1.384E+02  1.117E+01  1.255E-01
8.036E+02  1.359E+02  1.059E+01  1.498E-01
8.223E+02  1.309E+02  1.039E+01  1.731E-01
8.415E+02  1.278E+02  1.052E+01  1.626E-01
8.611E+02  1.238E+02  9.795E+00  1.398E-01
8.811E+02  1.224E+02  9.814E+00  1.056E-01
9.016E+02  1.176E+02  9.876E+00  1.214E-01
9.226E+02  1.146E+02  9.301E+00  1.424E-01
9.441E+02  1.115E+02  9.171E+00  1.333E-01
9.661E+02  1.075E+02  8.622E+00  9.631E-02
9.886E+02  1.060E+02  8.642E+00  9.411E-02
