# Er [keV]  dR/dEr H1 [1/keV/decay]  O16  Na23  S32  S34
1.011646E-03  1.461981E+08  2.257321E+06  3.115739E+05  8.266247E+04  0.000000E+00
1.035211E-03  1.445480E+08  2.168655E+06  3.044816E+05  1.864173E+04  0.000000E+00
1.059324E-03  1.382154E+08  2.204305E+06  3.096957E+05  4.250725E+04  0.000000E+00
1.083999E-03  1.377871E+08  2.272813E+06  3.679228E+05  4.747391E+04  0.000000E+00
1.109248E-03  1.337924E+08  2.192082E+06  3.305521E+05  5.219243E+04  0.000000E+00
1.135086E-03  1.307016E+08  2.034508E+06  3.286949E+05  4.533723E+04  0.000000E+00
1.161526E-03  1.281972E+08  2.342639E+06  3.489037E+05  3.876708E+04  0.000000E+00
1.188581E-03  1.249868E+08  2.121539E+06  2.814287E+05  4.329672E+04  0.000000E+00
1.216267E-03  1.217081E+08  2.168447E+06  2.803115E+05  4.231117E+04  0.000000E+00
1.244597E-03  1.196406E+08  2.196615E+06  2.997733E+05  4.651655E+04  0.000000E+00
1.273587E-03  1.162455E+08  2.262784E+06  3.232548E+05  3.535599E+04  0.000000E+00
1.303253E-03  1.133723E+08  2.087879E+06  2.912172E+05  5.429473E+04  0.000000E+00
1.333610E-03  1.106952E+08  2.247765E+06  2.411765E+05  5.305883E+04  0.000000E+00
1.364674E-03  1.079351E+08  1.989195E+06  3.158201E+05  5.185107E+04  0.000000E+00
1.396461E-03  1.048609E+08  2.045257E+06  3.500891E+05  4.606436E+04  0.000000E+00
1.428989E-03  1.036219E+08  2.160759E+06  3.241138E+05  6.302213E+04  0.000000E+00
1.462274E-03  1.011972E+08  2.247946E+06  2.771440E+05  3.959201E+04  0.000000E+00
1.496335E-03  9.823160E+07  2.102199E+06  3.138252E+05  7.738157E+04  0.000000E+00
1.531189E-03  9.750378E+07  2.134169E+06  3.066817E+05  5.881567E+04  0.000000E+00
1.566855E-03  9.495999E+07  2.081483E+06  3.202282E+05  3.284392E+04  0.000000E+00
1.603352E-03  9.123374E+07  2.310934E+06  2.968908E+05  5.215649E+04  0.000000E+00
1.640699E-03  9.008621E+07  2.234806E+06  3.136570E+05  2.352428E+04  0.000000E+00
1.678915E-03  8.769077E+07  2.191599E+06  3.026858E+05  3.831466E+04  0.000000E+00
1.718022E-03  8.566847E+07  2.167922E+06  3.032844E+05  3.369826E+04  0.000000E+00
1.758040E-03  8.454536E+07  2.239321E+06  2.524725E+05  4.756728E+04  0.000000E+00
1.798990E-03  8.271384E+07  2.056046E+06  3.039373E+05  2.860586E+04  0.000000E+00
1.840894E-03  8.125037E+07  2.065154E+06  1.956830E+05  4.892074E+04  0.000000E+00
1.883774E-03  7.849937E+07  2.260596E+06  2.561098E+05  2.048879E+04  0.000000E+00
1.927653E-03  7.739327E+07  2.332610E+06  3.103473E+05  2.335947E+04  0.000000E+00
1.972553E-03  7.476413E+07  2.194725E+06  2.706719E+05  1.956664E+04  0.000000E+00
2.018500E-03  7.324076E+07  2.112898E+06  2.230812E+05  6.373750E+03  0.000000E+00
2.065517E-03  7.099121E+07  2.232977E+06  1.962030E+05  3.425766E+04  0.000000E+00
2.113629E-03  6.997482E+07  2.203452E+06  3.013007E+05  2.739098E+04  0.000000E+00
2.162862E-03  6.914635E+07  2.299029E+06  2.468557E+05  2.974165E+04  0.000000E+00
2.213241E-03  6.699400E+07  2.113000E+06  1.889202E+05  2.034525E+04  0.000000E+00
2.264794E-03  6.545483E+07  2.329050E+06  2.329050E+05  2.272244E+04  0.000000E+00
2.317548E-03  6.390661E+07  2.189989E+06  2.664626E+05  2.498087E+04  0.000000E+00
2.371531E-03  6.145644E+07  2.064190E+06  2.522597E+05  1.627482E+04  0.000000E+00
2.426771E-03  6.074141E+07  2.006600E+06  2.041060E+05  2.385654E+04  0.000000E+00
2.483298E-03  6.025504E+07  1.947973E+06  1.839176E+05  2.590389E+04  0.000000E+00
2.541141E-03  5.837465E+07  1.903631E+06  2.404853E+05  1.771997E+04  0.000000E+00
2.600332E-03  5.694693E+07  1.897406E+06  1.731662E+05  2.968563E+04  0.000000E+00
2.660901E-03  5.586098E+07  1.963003E+06  2.224092E+05  1.933993E+04  0.000000E+00
2.722882E-03  5.549898E+07  1.719873E+06  2.031718E+05  2.362463E+04  0.000000E+00
2.786306E-03  5.306055E+07  1.766145E+06  1.870036E+05  2.539555E+04  0.000000E+00
2.851207E-03  5.177152E+07  1.766553E+06  1.759785E+05  2.481748E+04  0.000000E+00
2.917620E-03  5.066581E+07  1.609488E+06  1.499250E+05  3.307168E+04  0.000000E+00
2.985580E-03  4.949097E+07  1.648263E+06  1.809857E+05  1.292755E+04  0.000000E+00
3.055124E-03  4.864235E+07  1.541261E+06  1.684438E+05  2.105547E+04  0.000000E+00
3.126287E-03  4.687462E+07  1.572021E+06  1.481486E+05  3.086429E+04  0.000000E+00
3.199107E-03  4.613941E+07  1.415591E+06  1.709165E+05  1.407547E+04  0.000000E+00
3.273624E-03  4.551752E+07  1.461968E+06  1.434458E+05  1.375508E+04  0.000000E+00
3.349876E-03  4.457167E+07  1.424849E+06  1.555428E+05  1.344197E+04  0.000000E+00
3.427905E-03  4.369408E+07  1.520023E+06  1.426194E+05  1.125943E+04  0.000000E+00
3.507751E-03  4.248492E+07  1.485423E+06  1.430407E+05  9.169275E+03  0.000000E+00
3.589457E-03  4.157519E+07  1.460571E+06  1.397847E+05  1.792111E+04  0.000000E+00
3.673066E-03  4.039765E+07  1.346764E+06  1.506133E+05  2.101582E+04  0.000000E+00
3.758623E-03  3.929325E+07  1.266475E+06  1.454735E+05  1.369162E+04  0.000000E+00
3.846173E-03  3.849583E+07  1.302874E+06  1.421621E+05  2.341494E+04  0.000000E+00
3.935762E-03  3.748390E+07  1.332056E+06  1.503671E+05  1.470983E+04  0.000000E+00
4.027437E-03  3.687504E+07  1.252221E+06  1.149999E+05  1.756943E+04  0.000000E+00
4.121248E-03  3.593265E+07  1.122261E+06  9.989528E+04  9.365183E+03  0.000000E+00
4.217245E-03  3.537250E+07  1.130273E+06  1.052481E+05  1.372801E+04  0.000000E+00
4.315477E-03  3.434820E+07  1.149263E+06  1.237209E+05  5.962453E+03  0.000000E+00
4.415997E-03  3.415630E+07  1.128929E+06  1.107079E+05  1.165346E+04  0.000000E+00
4.518859E-03  3.315389E+07  1.170137E+06  1.395054E+05  1.138820E+04  0.000000E+00
4.624117E-03  3.199579E+07  1.061426E+06  1.154631E+05  1.112897E+04  0.000000E+00
4.731826E-03  3.088683E+07  1.071251E+06  1.128348E+05  9.516189E+03  0.000000E+00
4.842045E-03  3.053980E+07  1.057494E+06  1.102664E+05  1.195659E+04  0.000000E+00
4.954830E-03  2.979140E+07  1.064581E+06  1.324235E+05  1.557924E+04  0.000000E+00
5.070243E-03  2.909043E+07  9.477321E+05  1.294092E+05  1.395590E+04  0.000000E+00
5.188344E-03  2.858943E+07  9.472364E+05  1.053862E+05  7.439029E+03  0.000000E+00
5.309196E-03  2.787565E+07  9.293095E+05  1.114687E+05  7.269696E+03  0.000000E+00
5.432863E-03  2.694867E+07  8.832911E+05  1.101154E+05  1.065633E+04  0.000000E+00
5.559411E-03  2.671939E+07  8.620278E+05  9.256675E+04  1.157084E+04  0.000000E+00
5.688906E-03  2.588843E+07  8.593669E+05  9.498265E+04  1.809193E+04  0.000000E+00
5.821418E-03  2.543505E+07  9.138407E+05  9.282058E+04  8.840056E+03  0.000000E+00
5.957016E-03  2.501050E+07  7.861337E+05  1.069055E+05  6.479124E+03  0.000000E+00
6.095773E-03  2.455094E+07  8.822086E+05  1.023615E+05  8.442188E+03  0.000000E+00
6.237762E-03  2.377140E+07  7.590018E+05  7.115642E+04  1.443753E+04  0.000000E+00
6.383058E-03  2.311944E+07  7.840515E+05  8.868449E+04  7.054448E+03  0.000000E+00
6.531738E-03  2.282265E+07  7.721134E+05  8.174159E+04  7.878708E+03  0.000000E+00
6.683882E-03  2.255144E+07  7.689742E+05  7.603124E+04  6.736946E+03  0.000000E+00
6.839570E-03  2.174561E+07  7.392436E+05  7.241954E+04  1.504822E+04  0.000000E+00
6.998884E-03  2.099051E+07  7.086298E+05  7.352838E+04  9.191047E+03  0.000000E+00
7.161909E-03  2.068786E+07  7.014812E+05  8.532742E+04  8.981834E+03  0.000000E+00
7.328731E-03  2.025908E+07  6.837581E+05  5.529751E+04  1.141060E+04  0.000000E+00
7.499439E-03  1.948656E+07  6.630473E+05  7.119395E+04  6.862068E+03  0.000000E+00
7.674123E-03  1.919974E+07  6.395722E+05  6.286751E+04  9.220568E+03  0.000000E+00
7.852877E-03  1.898551E+07  6.258329E+05  5.652155E+04  4.914918E+03  0.000000E+00
8.035794E-03  1.843167E+07  6.147892E+05  6.564156E+04  8.005068E+03  0.000000E+00
8.222971E-03  1.800038E+07  5.992303E+05  6.805880E+04  6.258280E+03  0.000000E+00
8.414509E-03  1.745303E+07  6.123469E+05  7.568332E+04  9.938214E+03  0.000000E+00
8.610508E-03  1.722982E+07  5.812254E+05  6.126026E+04  6.723687E+03  0.000000E+00
8.811073E-03  1.660765E+07  5.636147E+05  6.570638E+04  8.030779E+03  0.000000E+00
9.016309E-03  1.634305E+07  5.094050E+05  6.777798E+04  6.421072E+03  0.000000E+00
9.226326E-03  1.581068E+07  5.696224E+05  5.926304E+04  7.669335E+03  0.000000E+00
9.441234E-03  1.562249E+07  5.457548E+05  5.518868E+04  8.857443E+03  0.000000E+00
9.661149E-03  1.527020E+07  5.166860E+05  5.393243E+04  7.324158E+03  0.000000E+00
9.886186E-03  1.502932E+07  4.964660E+05  4.684870E+04  7.157440E+03  0.000000E+00
1.011646E-02  1.450726E+07  5.163225E+05  5.532027E+04  6.358651E+03  0.000000E+00
1.035211E-02  1.409750E+07  5.145118E+05  6.151772E+04  6.213911E+03  0.000000E+00
1.059324E-02  1.404865E+07  4.936914E+05  5.465218E+04  5.465218E+03  0.000000E+00
1.083999E-02  1.350751E+07  4.545627E+05  5.934239E+04  4.153967E+03  0.000000E+00
1.109248E-02  1.329167E+07  4.569737E+05  4.697319E+04  7.538907E+03  0.000000E+00
1.135086E-02  1.293755E+07  4.409046E+05  4.930424E+04  5.667154E+03  0.000000E+00
1.161526E-02  1.269622E+07  4.330836E+05  4.928957E+04  4.984338E+03  0.000000E+00
1.188581E-02  1.237691E+07  4.529919E+05  5.736815E+04  5.953299E+03  0.000000E+00
1.216267E-02  1.204440E+07  4.056583E+05  4.601339E+04  5.817785E+03  0.000000E+00
1.244597E-02  1.177954E+07  4.114131E+05  5.065136E+04  4.134805E+03  0.000000E+00
1.273587E-02  1.155232E+07  3.904312E+05  4.545771E+04  8.586456E+03  0.000000E+00
1.303253E-02  1.110179E+07  3.706849E+05  4.244861E+04  2.961531E+03  0.000000E+00
1.333610E-02  1.104251E+07  3.979412E+05  4.678824E+04  5.305883E+03  0.000000E+00
1.364674E-02  1.086421E+07  3.770987E+05  4.289497E+04  7.541973E+03  0.000000E+00
1.396461E-02  1.045845E+07  3.385730E+05  4.652500E+04  7.370297E+03  0.000000E+00
1.428989E-02  1.046032E+07  3.659785E+05  4.006407E+04  5.852054E+03  0.000000E+00
1.462274E-02  9.986864E+06  3.532487E+05  3.827227E+04  6.158757E+03  0.000000E+00
1.496335E-02  9.810693E+06  3.542356E+05  3.869078E+04  2.149488E+03  0.000000E+00
1.531189E-02  9.607119E+06  3.339890E+05  3.570951E+04  3.360895E+03  0.000000E+00
1.566855E-02  9.307146E+06  3.247443E+05  3.325447E+04  6.979333E+03  0.000000E+00
1.603352E-02  9.195189E+06  3.293883E+05  3.650954E+04  3.610834E+03  0.000000E+00
1.640699E-02  9.014894E+06  3.305161E+05  3.254191E+04  5.488998E+03  0.000000E+00
1.678915E-02  8.756816E+06  2.946398E+05  3.601578E+04  4.214613E+03  0.000000E+00
1.718022E-02  8.686289E+06  3.021611E+05  4.343332E+04  5.616377E+03  0.000000E+00
1.758040E-02  8.375501E+06  3.099192E+05  3.988334E+04  2.927218E+03  0.000000E+00
1.798990E-02  8.199512E+06  2.910646E+05  3.647247E+04  4.290879E+03  0.000000E+00
1.840894E-02  8.022652E+06  2.634731E+05  2.970188E+04  3.494339E+03  0.000000E+00
1.883774E-02  7.882720E+06  2.615735E+05  3.073318E+04  3.756278E+03  0.000000E+00
1.927653E-02  7.629538E+06  2.843182E+05  3.136844E+04  1.668534E+03  0.000000E+00
1.972553E-02  7.458477E+06  2.670846E+05  3.587217E+04  4.239439E+03  0.000000E+00
2.018500E-02  7.332043E+06  2.635545E+05  3.601169E+04  3.186875E+03  0.000000E+00
2.065517E-02  7.196600E+06  2.612925E+05  3.020903E+04  4.671499E+03  0.000000E+00
2.113629E-02  6.955786E+06  2.477362E+05  2.830401E+04  2.130409E+03  0.000000E+00
2.162862E-02  6.784070E+06  2.426918E+05  3.063390E+04  2.081915E+03  0.000000E+00
2.213241E-02  6.665685E+06  2.400740E+05  2.703012E+04  4.069050E+03  0.000000E+00
2.264794E-02  6.550880E+06  2.178514E+05  2.158632E+04  3.692397E+03  0.000000E+00
2.317548E-02  6.435349E+06  2.189989E+05  2.886678E+04  3.053217E+03  0.000000E+00
2.371531E-02  6.160834E+06  2.259488E+05  2.142852E+04  1.627482E+03  0.000000E+00
2.426771E-02  6.106745E+06  2.125883E+05  2.279625E+04  3.445945E+03  0.000000E+00
2.483298E-02  5.931991E+06  2.105986E+05  2.227735E+04  2.590389E+03  0.000000E+00
2.541141E-02  5.772914E+06  2.065643E+05  2.708624E+04  2.784567E+03  0.000000E+00
2.600332E-02  5.702362E+06  1.927092E+05  2.374850E+04  1.979042E+03  0.000000E+00
2.660901E-02  5.545001E+06  1.933993E+05  2.538366E+04  3.142739E+03  0.000000E+00
2.722882E-02  5.426105E+06  1.956119E+05  2.480586E+04  1.653724E+03  0.000000E+00
2.786306E-02  5.254802E+06  1.946223E+05  2.170166E+04  3.232161E+03  0.000000E+00
2.851207E-02  5.195427E+06  1.811676E+05  2.278696E+04  2.481748E+03  0.000000E+00
2.917620E-02  5.067243E+06  1.902724E+05  2.138635E+04  1.322867E+03  0.000000E+00
2.985580E-02  4.913331E+06  1.842176E+05  2.176138E+04  2.800969E+03  0.000000E+00
3.055124E-02  4.886975E+06  1.758132E+05  2.168714E+04  2.105547E+03  0.000000E+00
3.126287E-02  4.750631E+06  1.703709E+05  2.098772E+04  2.674905E+03  0.000000E+00
3.199107E-02  4.603887E+06  1.707154E+05  1.950459E+04  2.412939E+03  0.000000E+00
3.273624E-02  4.564328E+06  1.640784E+05  1.729210E+04  2.751016E+03  0.000000E+00
3.349876E-02  4.402631E+06  1.616877E+05  1.958688E+04  2.496367E+03  0.000000E+00
3.427905E-02  4.296785E+06  1.508763E+05  1.745211E+04  1.125943E+03  0.000000E+00
3.507751E-02  4.241523E+06  1.516598E+05  1.687147E+04  2.750783E+03  0.000000E+00
3.589457E-02  4.093899E+06  1.442650E+05  1.863796E+04  1.612900E+03  0.000000E+00
3.673066E-02  4.025755E+06  1.499128E+05  2.101582E+04  1.926450E+03  0.000000E+00
3.758623E-02  3.949349E+06  1.454735E+05  1.694339E+04  2.053744E+03  0.000000E+00
3.846173E-02  3.837374E+06  1.506919E+05  1.337997E+04  1.170747E+03  0.000000E+00
3.935762E-02  3.704915E+06  1.420315E+05  1.683458E+04  1.961310E+03  0.000000E+00
4.027437E-02  3.658275E+06  1.348055E+05  1.693054E+04  1.118055E+03  0.000000E+00
4.121248E-02  3.585304E+06  1.286152E+05  1.482821E+04  2.653468E+03  0.000000E+00
4.217245E-02  3.488897E+06  1.395681E+05  1.418561E+04  2.898135E+03  0.000000E+00
4.315477E-02  3.413803E+06  1.419064E+05  1.609862E+04  2.086859E+03  0.000000E+00
4.415997E-02  3.320654E+06  1.238180E+05  1.471250E+04  2.622029E+03  0.000000E+00
4.518859E-02  3.250903E+06  1.255549E+05  1.252702E+04  2.277640E+03  0.000000E+00
4.624117E-02  3.179825E+06  1.246445E+05  1.279832E+04  3.060467E+03  0.000000E+00
4.731826E-02  3.131370E+06  1.178648E+05  1.495401E+04  1.495401E+03  0.000000E+00
4.842045E-02  3.038968E+06  1.084065E+05  1.169089E+04  1.461362E+03  0.000000E+00
4.954830E-02  3.003677E+06  1.117810E+05  1.194408E+04  2.336886E+03  0.000000E+00
5.070243E-02  2.875295E+06  1.058111E+05  1.344841E+04  1.522461E+03  0.000000E+00
5.188344E-02  2.820632E+06  1.061301E+05  1.289432E+04  1.983741E+03  0.000000E+00
5.309196E-02  2.791442E+06  1.098936E+05  1.296429E+04  1.696262E+03  0.000000E+00
5.432863E-02  2.721744E+06  9.969585E+04  1.136675E+04  1.184036E+03  0.000000E+00
5.559411E-02  2.654699E+06  9.823646E+04  1.087659E+04  1.619918E+03  0.000000E+00
5.688906E-02  2.605012E+06  9.622647E+04  1.142053E+04  9.045967E+02  0.000000E+00
5.821418E-02  2.542400E+06  9.889812E+04  1.171307E+04  1.768011E+03  0.000000E+00
5.957016E-02  2.493275E+06  1.020462E+05  1.241832E+04  1.619781E+03  0.000000E+00
6.095773E-02  2.418581E+06  9.529119E+04  1.139695E+04  1.688438E+03  0.000000E+00
6.237762E-02  2.350740E+06  9.281272E+04  1.309691E+04  1.443753E+03  0.000000E+00
6.383058E-02  2.309727E+06  9.150627E+04  1.148867E+04  2.116334E+03  0.000000E+00
6.531738E-02  2.268969E+06  8.774911E+04  1.280290E+04  1.772709E+03  0.000000E+00
6.683882E-02  2.212317E+06  9.287361E+04  1.020166E+04  1.636115E+03  0.000000E+00
6.839570E-02  2.132238E+06  7.825072E+04  1.043970E+04  1.598873E+03  0.000000E+00
6.998884E-02  2.112011E+06  8.262752E+04  9.742510E+03  1.011015E+03  0.000000E+00
7.161909E-02  2.060972E+06  8.380051E+04  9.430925E+03  1.976003E+03  0.000000E+00
7.328731E-02  2.020553E+06  7.794315E+04  1.035731E+04  2.194346E+03  0.000000E+00
7.499439E-02  1.949599E+06  7.634050E+04  1.089353E+04  1.715517E+03  0.000000E+00
7.674123E-02  1.935146E+06  7.518954E+04  9.639685E+03  1.592644E+03  0.000000E+00
7.852877E-02  1.890114E+06  7.061099E+04  8.928767E+03  1.965967E+03  0.000000E+00
8.035794E-02  1.825716E+06  7.356657E+04  9.285879E+03  1.120709E+03  0.000000E+00
8.222971E-02  1.778369E+06  7.400416E+04  8.918049E+03  1.016971E+03  0.000000E+00
8.414509E-02  1.754706E+06  6.941461E+04  7.262541E+03  1.070269E+03  0.000000E+00
8.610508E-02  1.719845E+06  6.955281E+04  9.861408E+03  9.711993E+02  0.000000E+00
8.811073E-02  1.649157E+06  7.213100E+04  7.811758E+03  1.168113E+03  0.000000E+00
9.016309E-02  1.629097E+06  7.213004E+04  7.705286E+03  1.070179E+03  0.000000E+00
9.226326E-02  1.581277E+06  6.909373E+04  8.715153E+03  9.063759E+02  0.000000E+00
9.441234E-02  1.553595E+06  6.622642E+04  7.835430E+03  1.567086E+03  0.000000E+00
9.661149E-02  1.540337E+06  6.445259E+04  7.989990E+03  1.198499E+03  0.000000E+00
9.886186E-02  1.487381E+06  6.526284E+04  8.198522E+03  5.856087E+02  0.000000E+00
1.011646E-01  1.461536E+06  6.523976E+04  8.139074E+03  1.080971E+03  0.000000E+00
1.035211E-01  1.432120E+06  5.971568E+04  6.835302E+03  8.699475E+02  0.000000E+00
1.059324E-01  1.382397E+06  6.157479E+04  7.347682E+03  1.214493E+03  0.000000E+00
1.083999E-01  1.354490E+06  6.052923E+04  7.833195E+03  1.008821E+03  0.000000E+00
1.109248E-01  1.332357E+06  5.723770E+04  7.828865E+03  1.217823E+03  0.000000E+00
1.135086E-01  1.309396E+06  5.808833E+04  6.857256E+03  7.934015E+02  0.000000E+00
1.161526E-01  1.275769E+06  5.432929E+04  6.645784E+03  1.163012E+03  0.000000E+00
1.188581E-01  1.248677E+06  5.184782E+04  6.819233E+03  7.035717E+02  0.000000E+00
1.216267E-01  1.207243E+06  5.161962E+04  6.452453E+03  1.057779E+03  0.000000E+00
1.244597E-01  1.182968E+06  5.225359E+04  6.512317E+03  9.820161E+02  0.000000E+00
1.273587E-01  1.159172E+06  4.818517E+04  6.667130E+03  1.464748E+03  0.000000E+00
1.303253E-01  1.144187E+06  5.019795E+04  5.972421E+03  7.897416E+02  0.000000E+00
1.333610E-01  1.097787E+06  4.973060E+04  6.270589E+03  1.061177E+03  0.000000E+00
1.364674E-01  1.085007E+06  4.520470E+04  5.750755E+03  1.084159E+03  0.000000E+00
1.396461E-01  1.063672E+06  4.804512E+04  5.159208E+03  7.370297E+02  0.000000E+00
1.428989E-01  1.027981E+06  4.506082E+04  5.626975E+03  8.102845E+02  0.000000E+00
1.462274E-01  1.000930E+06  4.557480E+04  5.410908E+03  6.598668E+02  0.000000E+00
1.496335E-01  9.834767E+05  4.595605E+04  5.932587E+03  8.597952E+02  0.000000E+00
1.531189E-01  9.636947E+05  4.533008E+04  5.671511E+03  8.822350E+02  0.000000E+00
1.566855E-01  9.339579E+05  4.483195E+04  5.911906E+03  8.210980E+02  0.000000E+00
1.603352E-01  9.186363E+05  4.188567E+04  5.095288E+03  9.628891E+02  0.000000E+00
1.640699E-01  8.959220E+05  4.253973E+04  5.959483E+03  1.097800E+03  0.000000E+00
1.678915E-01  8.798962E+05  4.325725E+04  5.785514E+03  7.662933E+02  0.000000E+00
1.718022E-01  8.561980E+05  3.834113E+04  5.204510E+03  5.241952E+02  0.000000E+00
1.758040E-01  8.387210E+05  4.006629E+04  5.525123E+03  6.220337E+02  0.000000E+00
1.798990E-01  8.103682E+05  4.187183E+04  4.505423E+03  7.151465E+02  0.000000E+00
1.840894E-01  8.045366E+05  3.752920E+04  5.311395E+03  7.338111E+02  0.000000E+00
1.883774E-01  7.765933E+05  3.715300E+04  4.746569E+03  9.561434E+02  0.000000E+00
1.927653E-01  7.655901E+05  3.577336E+04  5.572903E+03  6.674135E+02  0.000000E+00
1.972553E-01  7.449998E+05  3.600262E+04  4.402494E+03  8.478877E+02  0.000000E+00
2.018500E-01  7.331406E+05  3.610729E+04  4.557231E+03  6.373750E+02  0.000000E+00
2.065517E-01  7.145836E+05  3.447566E+04  4.173206E+03  5.294366E+02  0.000000E+00
2.113629E-01  6.894004E+05  3.414742E+04  4.778204E+03  6.695572E+02  0.000000E+00
2.162862E-01  6.793289E+05  3.146666E+04  4.609955E+03  5.056080E+02  0.000000E+00
2.213241E-01  6.703760E+05  3.403470E+04  4.098115E+03  4.069050E+02  0.000000E+00
2.264794E-01  6.511968E+05  3.274872E+04  4.345667E+03  6.248671E+02  0.000000E+00
2.317548E-01  6.353467E+05  3.211429E+04  3.719374E+03  5.551304E+02  0.000000E+00
2.371531E-01  6.186602E+05  2.994567E+04  4.258579E+03  4.882447E+02  0.000000E+00
2.426771E-01  6.008933E+05  2.950259E+04  3.923076E+03  3.711018E+02  0.000000E+00
2.483298E-01  5.878370E+05  3.007442E+04  3.652449E+03  6.735012E+02  0.000000E+00
2.541141E-01  5.757979E+05  3.128841E+04  4.252793E+03  4.809707E+02  0.000000E+00
2.600332E-01  5.684303E+05  2.938877E+04  3.339633E+03  4.947605E+02  0.000000E+00
2.660901E-01  5.555880E+05  2.828465E+04  2.780116E+03  4.834984E+02  0.000000E+00
2.722882E-01  5.446186E+05  2.832593E+04  3.425571E+03  5.197419E+02  0.000000E+00
2.786306E-01  5.264498E+05  2.807363E+04  3.947854E+03  4.617373E+02  0.000000E+00
2.851207E-01  5.178055E+05  2.747972E+04  4.083604E+03  3.835429E+02  0.000000E+00
2.917620E-01  5.070550E+05  2.621482E+04  3.924506E+03  5.070991E+02  0.000000E+00
2.985580E-01  4.936601E+05  2.744950E+04  3.382709E+03  6.894694E+02  0.000000E+00
3.055124E-01  4.831599E+05  2.579295E+04  3.053044E+03  4.842759E+02  0.000000E+00
3.126287E-01  4.695281E+05  2.502065E+04  3.230462E+03  6.378620E+02  0.000000E+00
3.199107E-01  4.607104E+05  2.435057E+04  3.398222E+03  4.021564E+02  0.000000E+00
3.273624E-01  4.504002E+05  2.399279E+04  3.183318E+03  4.716027E+02  0.000000E+00
3.349876E-01  4.372866E+05  2.440678E+04  3.130060E+03  4.800705E+02  0.000000E+00
3.427905E-01  4.285150E+05  2.368233E+04  3.377828E+03  6.380342E+02  0.000000E+00
3.507751E-01  4.187425E+05  2.286817E+04  2.787460E+03  4.584638E+02  0.000000E+00
3.589457E-01  4.095154E+05  2.127236E+04  3.046589E+03  3.584223E+02  0.000000E+00
3.673066E-01  3.993706E+05  2.206661E+04  3.257451E+03  4.553427E+02  0.000000E+00
3.758623E-01  3.956195E+05  2.122202E+04  2.806783E+03  4.107487E+02  0.000000E+00
3.846173E-01  3.874504E+05  2.105672E+04  2.960317E+03  3.177742E+02  0.000000E+00
3.935762E-01  3.757216E+05  2.054472E+04  3.040031E+03  4.086063E+02  0.000000E+00
4.027437E-01  3.657956E+05  2.183401E+04  2.843053E+03  5.270829E+02  0.000000E+00
4.121248E-01  3.585304E+05  2.032245E+04  3.090510E+03  2.809555E+02  0.000000E+00
4.217245E-01  3.528403E+05  2.007340E+04  2.730348E+03  4.576003E+02  0.000000E+00
4.315477E-01  3.419020E+05  1.992950E+04  2.474418E+03  3.726533E+02  0.000000E+00
4.415997E-01  3.345709E+05  1.978175E+04  2.286992E+03  3.204702E+02  0.000000E+00
4.518859E-01  3.265566E+05  1.931723E+04  2.377286E+03  3.131754E+02  0.000000E+00
4.624117E-01  3.199023E+05  1.904445E+04  2.490107E+03  3.338691E+02  0.000000E+00
4.731826E-01  3.126340E+05  1.927708E+04  2.555776E+03  5.029985E+02  0.000000E+00
4.842045E-01  3.018243E+05  1.842644E+04  2.577310E+03  3.719830E+02  0.000000E+00
4.954830E-01  2.979789E+05  1.779928E+04  2.427765E+03  4.673772E+02  0.000000E+00
5.070243E-01  2.928327E+05  1.821879E+04  2.753117E+03  2.791179E+02  0.000000E+00
5.188344E-01  2.843197E+05  1.712217E+04  2.306099E+03  3.099595E+02  0.000000E+00
5.309196E-01  2.788171E+05  1.705955E+04  2.108212E+03  3.513686E+02  0.000000E+00
5.432863E-01  2.731927E+05  1.690804E+04  2.297030E+03  3.433705E+02  0.000000E+00
5.559411E-01  2.668468E+05  1.692814E+04  2.140606E+03  3.124128E+02  0.000000E+00
5.688906E-01  2.580588E+05  1.678027E+04  2.261492E+03  3.053014E+02  0.000000E+00
5.821418E-01  2.523283E+05  1.636515E+04  2.066363E+03  2.762517E+02  0.000000E+00
5.957016E-01  2.476105E+05  1.641378E+04  1.976133E+03  2.159708E+02  0.000000E+00
6.095773E-01  2.414466E+05  1.587131E+04  2.152758E+03  2.532656E+02  0.000000E+00
6.237762E-01  2.357031E+05  1.567504E+04  1.990317E+03  2.578131E+02  0.000000E+00
6.383058E-01  2.314564E+05  1.531823E+04  1.965168E+03  3.224891E+02  0.000000E+00
6.531738E-01  2.234008E+05  1.436879E+04  1.949980E+03  2.954515E+02  0.000000E+00
6.683882E-01  2.193357E+05  1.392623E+04  1.770854E+03  2.117326E+02  0.000000E+00
6.839570E-01  2.180016E+05  1.462498E+04  2.247827E+03  3.009643E+02  0.000000E+00
6.998884E-01  2.083610E+05  1.320754E+04  1.893356E+03  2.113941E+02  0.000000E+00
7.161909E-01  2.040673E+05  1.404759E+04  1.742476E+03  2.425095E+02  0.000000E+00
7.328731E-01  2.034246E+05  1.399992E+04  1.904692E+03  1.667703E+02  0.000000E+00
7.499439E-01  1.979020E+05  1.362120E+04  1.869913E+03  2.916379E+02  0.000000E+00
7.674123E-01  1.913100E+05  1.388115E+04  1.818967E+03  3.269111E+02  0.000000E+00
7.852877E-01  1.886345E+05  1.288528E+04  1.589157E+03  1.802137E+02  0.000000E+00
8.035794E-01  1.844207E+05  1.279210E+04  1.504953E+03  2.961875E+02  0.000000E+00
8.222971E-01  1.796205E+05  1.250091E+04  1.564570E+03  2.816226E+02  0.000000E+00
8.414509E-01  1.763498E+05  1.220107E+04  1.743010E+03  2.981464E+02  0.000000E+00
8.610508E-01  1.696237E+05  1.167680E+04  1.740688E+03  1.942399E+02  0.000000E+00
8.811073E-01  1.677119E+05  1.176874E+04  1.525848E+03  2.920283E+02  0.000000E+00
9.016309E-01  1.627028E+05  1.110132E+04  1.455443E+03  1.854976E+02  0.000000E+00
9.226326E-01  1.606935E+05  1.147611E+04  1.505978E+03  1.882473E+02  0.000000E+00
9.441234E-01  1.563679E+05  1.140566E+04  1.519392E+03  2.520965E+02  0.000000E+00
9.661149E-01  1.536875E+05  1.110609E+04  1.358298E+03  1.731165E+02  0.000000E+00
9.886186E-01  1.498768E+05  1.052794E+04  1.424981E+03  2.212300E+02  0.000000E+00
1.011646E+00  1.472854E+05  1.077791E+04  1.348034E+03  2.289114E+02  0.000000E+00
1.035211E+00  1.431747E+05  1.048287E+04  1.553478E+03  1.802034E+02  0.000000E+00
1.059324E+00  1.386647E+05  9.788813E+03  1.342015E+03  2.186087E+02  0.000000E+00
1.083999E+00  1.360365E+05  1.024843E+04  1.531034E+03  1.246190E+02  0.000000E+00
1.109248E+00  1.320700E+05  9.800579E+03  1.351204E+03  1.913722E+02  0.000000E+00
1.135086E+00  1.296928E+05  9.639829E+03  1.286444E+03  3.003592E+02  0.000000E+00
1.161526E+00  1.267628E+05  9.863452E+03  1.329157E+03  1.938354E+02  0.000000E+00
1.188581E+00  1.235201E+05  9.822943E+03  1.255605E+03  1.677748E+02  0.000000E+00
1.216267E+00  1.192805E+05  9.509435E+03  1.396268E+03  2.062669E+02  0.000000E+00
1.244597E+00  1.195475E+05  9.349827E+03  1.281789E+03  1.602237E+02  0.000000E+00
1.273587E+00  1.158666E+05  9.207711E+03  1.242511E+03  1.515257E+02  0.000000E+00
1.303253E+00  1.129725E+05  9.017861E+03  1.095766E+03  1.283330E+02  0.000000E+00
1.333610E+00  1.100440E+05  8.460472E+03  1.143177E+03  2.025883E+02  0.000000E+00
1.364674E+00  1.071997E+05  8.489434E+03  1.220857E+03  1.838356E+02  0.000000E+00
1.396461E+00  1.048701E+05  8.475842E+03  9.857772E+02  1.750446E+02  0.000000E+00
1.428989E+00  1.013261E+05  8.440463E+03  1.179414E+03  1.170411E+02  0.000000E+00
1.462274E+00  1.004889E+05  8.015182E+03  1.170164E+03  1.407716E+02  0.000000E+00
1.496335E+00  9.636584E+04  8.099271E+03  1.044651E+03  1.977529E+02  0.000000E+00
1.531189E+00  9.691142E+04  7.986328E+03  1.025073E+03  1.050280E+02  0.000000E+00
1.566855E+00  9.382277E+04  7.882541E+03  9.976341E+02  1.231647E+02  0.000000E+00
1.603352E+00  9.197998E+04  7.671016E+03  9.428289E+02  1.484454E+02  0.000000E+00
1.640699E+00  8.898449E+04  7.516006E+03  1.046830E+03  1.646699E+02  0.000000E+00
1.678915E+00  8.831913E+04  7.597798E+03  1.111125E+03  1.724160E+02  0.000000E+00
1.718022E+00  8.573587E+04  6.930609E+03  1.067112E+03  1.684913E+02  0.000000E+00
1.758040E+00  8.382453E+04  7.318044E+03  8.745062E+02  1.097707E+02  0.000000E+00
1.798990E+00  8.127640E+04  7.051344E+03  9.082360E+02  1.215749E+02  0.000000E+00
1.840894E+00  7.952416E+04  6.820949E+03  8.386413E+02  9.434715E+01  0.000000E+00
1.883774E+00  7.907989E+04  6.710078E+03  9.083362E+02  1.263475E+02  0.000000E+00
1.927653E+00  7.608514E+04  6.640765E+03  8.376040E+02  1.234715E+02  0.000000E+00
1.972553E+00  7.443150E+04  6.427641E+03  9.033266E+02  7.826656E+01  0.000000E+00
2.018500E+00  7.280734E+04  6.338694E+03  8.254006E+02  1.019800E+02  0.000000E+00
2.065517E+00  7.152377E+04  6.272266E+03  9.280711E+02  1.027730E+02  0.000000E+00
2.113629E+00  6.961569E+04  6.339489E+03  8.734678E+02  1.278246E+02  0.000000E+00
2.162862E+00  6.802212E+04  5.689577E+03  7.911278E+02  1.397857E+02  0.000000E+00
2.213241E+00  6.547102E+04  5.856526E+03  7.353355E+02  1.220715E+02  0.000000E+00
2.264794E+00  6.507991E+04  5.728896E+03  7.441600E+02  1.050913E+02  0.000000E+00
2.317548E+00  6.396767E+04  5.617920E+03  7.827339E+02  1.110261E+02  0.000000E+00
2.371531E+00  6.163004E+04  5.568702E+03  7.079548E+02  1.057863E+02  0.000000E+00
2.426771E+00  6.136433E+04  5.447244E+03  8.243761E+02  9.542617E+01  0.000000E+00
2.483298E+00  5.968775E+04  5.382829E+03  6.683204E+02  1.113867E+02  0.000000E+00
2.541141E+00  5.791900E+04  5.323586E+03  7.087989E+02  7.087989E+01  0.000000E+00
2.600332E+00  5.639033E+04  5.162826E+03  6.308196E+02  8.163548E+01  0.000000E+00
2.660901E+00  5.508980E+04  4.994538E+03  7.784324E+02  1.547195E+02  0.000000E+00
2.722882E+00  5.367280E+04  4.909198E+03  6.922016E+02  1.157607E+02  0.000000E+00
2.786306E+00  5.268654E+04  4.841316E+03  6.187280E+02  7.849535E+01  0.000000E+00
2.851207E+00  5.085553E+04  4.857458E+03  6.001318E+02  7.896471E+01  0.000000E+00
2.917620E+00  5.069448E+04  4.625626E+03  5.533995E+02  8.819115E+01  0.000000E+00
2.985580E+00  4.956423E+04  4.817667E+03  6.205224E+02  8.833826E+01  0.000000E+00
3.055124E+00  4.790752E+04  4.581671E+03  6.021865E+02  1.094885E+02  0.000000E+00
3.126287E+00  4.704952E+04  4.430054E+03  6.275739E+02  9.670810E+01  0.000000E+00
3.199107E+00  4.537531E+04  4.248783E+03  5.670405E+02  7.238816E+01  0.000000E+00
3.273624E+00  4.492212E+04  4.334814E+03  5.698532E+02  8.449548E+01  0.000000E+00
3.349876E+00  4.362113E+04  4.157411E+03  5.453601E+02  9.025325E+01  0.000000E+00
3.427905E+00  4.290217E+04  4.291718E+03  4.860319E+02  8.256913E+01  0.000000E+00
3.507751E+00  4.227586E+04  4.104168E+03  6.290123E+02  7.335420E+01  0.000000E+00
3.589457E+00  4.070243E+04  3.930100E+03  5.573467E+02  6.810023E+01  0.000000E+00
3.673066E+00  4.035037E+04  3.901936E+03  5.271467E+02  6.129613E+01  0.000000E+00
3.758623E+00  3.922137E+04  3.873018E+03  5.237047E+02  9.070702E+01  0.000000E+00
3.846173E+00  3.793889E+04  3.796565E+03  5.636310E+02  6.522733E+01  0.000000E+00
3.935762E+00  3.792847E+04  3.809845E+03  5.115750E+02  5.066718E+01  0.000000E+00
4.027437E+00  3.625851E+04  3.459581E+03  4.727774E+02  6.548606E+01  0.000000E+00
4.121248E+00  3.554087E+04  3.529113E+03  4.901112E+02  6.399542E+01  0.000000E+00
4.217245E+00  3.518488E+04  3.599789E+03  5.323416E+02  7.169071E+01  0.000000E+00
4.315477E+00  3.432286E+04  3.465676E+03  4.233342E+02  5.664331E+01  0.000000E+00
4.415997E+00  3.310312E+04  3.478559E+03  4.472016E+02  6.700741E+01  0.000000E+00
4.518859E+00  3.293894E+04  3.271260E+03  4.939631E+02  4.982336E+01  0.000000E+00
4.624117E+00  3.205839E+04  3.238530E+03  4.215098E+02  4.590700E+01  0.000000E+00
4.731826E+00  3.102142E+04  3.172969E+03  4.309474E+02  6.253495E+01  0.000000E+00
4.842045E+00  3.068992E+04  3.062217E+03  4.330944E+02  6.376851E+01  0.000000E+00
4.954830E+00  2.942269E+04  3.143112E+03  4.479031E+02  6.361523E+01  0.000000E+00
5.070243E+00  2.946597E+04  3.119777E+03  3.971086E+02  5.836102E+01  0.000000E+00
5.188344E+00  2.794595E+04  2.994209E+03  3.893092E+02  4.339434E+01  0.000000E+00
5.309196E+00  2.788292E+04  2.852144E+03  3.816590E+02  3.998333E+01  0.000000E+00
5.432863E+00  2.712509E+04  2.809718E+03  3.492907E+02  4.736145E+01  0.000000E+00
5.559411E+00  2.663377E+04  2.886925E+03  3.401828E+02  6.132547E+01  0.000000E+00
5.688906E+00  2.586468E+04  2.652730E+03  3.618387E+02  6.332177E+01  0.000000E+00
5.821418E+00  2.531681E+04  2.684062E+03  3.624423E+02  4.972531E+01  0.000000E+00
5.957016E+00  2.498350E+04  2.584090E+03  3.811884E+02  4.643372E+01  0.000000E+00
6.095773E+00  2.409400E+04  2.531601E+03  3.155268E+02  5.276367E+01  0.000000E+00
6.237762E+00  2.342387E+04  2.504912E+03  3.557821E+02  4.950012E+01  0.000000E+00
6.383058E+00  2.319603E+04  2.452932E+03  3.144268E+02  5.038892E+01  0.000000E+00
6.531738E+00  2.240409E+04  2.433536E+03  2.915122E+02  4.431773E+01  0.000000E+00
6.683882E+00  2.211354E+04  2.409902E+03  2.925759E+02  3.753441E+01  0.000000E+00
6.839570E+00  2.136564E+04  2.365391E+03  2.981428E+02  6.019286E+01  0.000000E+00
6.998884E+00  2.088757E+04  2.273865E+03  2.775696E+02  4.687434E+01  0.000000E+00
7.161909E+00  2.046152E+04  2.271506E+03  3.008914E+02  4.490917E+01  0.000000E+00
7.328731E+00  2.011513E+04  2.217167E+03  2.703434E+02  4.652013E+01  0.000000E+00
7.499439E+00  1.944710E+04  2.158120E+03  2.693362E+02  5.146551E+01  0.000000E+00
7.674123E+00  1.916872E+04  2.118216E+03  2.665582E+02  4.274991E+01  0.000000E+00
7.852877E+00  1.886591E+04  2.156011E+03  3.071824E+02  3.522358E+01  0.000000E+00
8.035794E+00  1.832600E+04  1.986858E+03  2.513591E+02  4.402787E+01  0.000000E+00
8.222971E+00  1.790807E+04  2.051934E+03  2.651946E+02  4.615482E+01  0.000000E+00
8.414509E+00  1.727873E+04  1.985349E+03  2.446330E+02  2.981464E+01  0.000000E+00
8.610508E+00  1.706920E+04  1.896827E+03  2.540060E+02  3.436551E+01  0.000000E+00
8.811073E+00  1.639082E+04  1.872632E+03  2.467639E+02  4.453432E+01  0.000000E+00
9.016309E+00  1.642510E+04  1.843561E+03  2.354393E+02  3.424572E+01  0.000000E+00
9.226326E+00  1.601497E+04  1.804385E+03  2.342633E+02  2.788849E+01  0.000000E+00
9.441234E+00  1.563339E+04  1.751730E+03  2.289308E+02  3.611111E+01  0.000000E+00
9.661149E+00  1.519230E+04  1.715850E+03  2.283806E+02  3.262579E+01  0.000000E+00
9.886186E+00  1.499353E+04  1.710628E+03  2.433529E+02  2.667773E+01  0.000000E+00
1.011646E+01  1.461027E+04  1.646891E+03  2.276397E+02  3.370085E+01  0.000000E+00
1.035211E+01  1.418139E+04  1.610024E+03  2.056804E+02  2.050591E+01  0.000000E+00
1.059324E+01  1.399157E+04  1.578841E+03  1.997841E+02  2.428986E+01  0.000000E+00
1.083999E+01  1.343452E+04  1.569606E+03  2.136326E+02  3.323174E+01  0.000000E+00
1.109248E+01  1.316235E+04  1.579111E+03  1.896325E+02  3.131546E+01  0.000000E+00
1.135086E+01  1.278113E+04  1.515964E+03  1.830491E+02  2.890248E+01  0.000000E+00
1.161526E+01  1.258102E+04  1.517454E+03  1.844205E+02  2.769077E+01  0.000000E+00
1.188581E+01  1.225460E+04  1.429874E+03  1.823874E+02  2.651924E+01  0.000000E+00
1.216267E+01  1.191112E+04  1.429589E+03  1.777069E+02  2.380003E+01  0.000000E+00
1.244597E+01  1.178419E+04  1.372238E+03  1.628079E+02  2.584253E+01  0.000000E+00
1.273587E+01  1.159172E+04  1.324840E+03  1.676884E+02  2.525428E+01  0.000000E+00
1.303253E+01  1.126320E+04  1.297151E+03  1.653521E+02  1.875636E+01  0.000000E+00
1.333610E+01  1.095327E+04  1.306212E+03  1.726824E+02  2.267059E+01  0.000000E+00
1.364674E+01  1.061863E+04  1.252439E+03  1.748795E+02  2.686828E+01  0.000000E+00
1.396461E+01  1.049899E+04  1.205965E+03  1.593827E+02  2.303218E+01  0.000000E+00
1.428989E+01  1.031177E+04  1.211375E+03  1.575553E+02  2.655932E+01  0.000000E+00
1.462274E+01  1.019450E+04  1.195679E+03  1.592479E+02  1.979600E+01  0.000000E+00
1.496335E+01  9.661948E+03  1.145247E+03  1.594920E+02  1.805570E+01  0.000000E+00
1.531189E+01  9.641569E+03  1.085149E+03  1.499800E+02  2.394638E+01  0.000000E+00
1.566855E+01  9.388435E+03  1.094524E+03  1.342495E+02  1.929580E+01  0.000000E+00
1.603352E+01  9.321568E+03  1.062388E+03  1.496490E+02  2.206621E+01  0.000000E+00
1.640699E+01  8.926678E+03  1.042125E+03  1.348725E+02  1.568285E+01  0.000000E+00
1.678915E+01  8.754134E+03  1.019553E+03  1.306530E+02  1.724160E+01  0.000000E+00
1.718022E+01  8.397233E+03  1.030418E+03  1.276790E+02  1.422816E+01  0.000000E+00
1.758040E+01  8.289880E+03  9.974494E+02  1.514835E+02  1.866101E+01  0.000000E+00
1.798990E+01  8.154100E+03  9.783204E+02  1.090598E+02  1.215749E+01  0.000000E+00
1.840894E+01  7.903146E+03  9.389288E+02  1.219524E+02  1.432679E+01  0.000000E+00
1.883774E+01  7.760470E+03  9.411183E+02  1.116639E+02  2.048879E+01  0.000000E+00
1.927653E+01  7.604510E+03  9.196958E+02  1.181322E+02  1.468310E+01  0.000000E+00
1.972553E+01  7.391951E+03  8.736505E+02  1.147910E+02  1.663164E+01  0.000000E+00
2.018500E+01  7.261932E+03  8.547198E+02  1.038921E+02  1.370356E+01  0.000000E+00
2.065517E+01  7.077944E+03  8.685874E+02  1.099359E+02  1.650596E+01  0.000000E+00
2.113629E+01  6.870570E+03  8.272075E+02  1.126073E+02  1.126073E+01  0.000000E+00
2.162862E+01  6.802807E+03  8.164082E+02  1.032035E+02  1.576307E+01  0.000000E+00
2.213241E+01  6.620054E+03  7.681785E+02  1.005637E+02  1.278844E+01  0.000000E+00
2.264794E+01  6.459138E+03  7.674505E+02  9.799053E+01  1.164525E+01  0.000000E+00
2.317548E+01  6.263814E+03  7.602511E+02  8.715547E+01  1.221287E+01  0.000000E+00
2.371531E+01  6.224848E+03  7.312820E+02  8.951152E+01  1.166362E+01  0.000000E+00
2.426771E+01  5.906085E+03  7.419385E+02  9.542617E+01  1.325364E+01  0.000000E+00
2.483298E+01  5.921630E+03  7.027726E+02  9.325401E+01  1.347002E+01  0.000000E+00
2.541141E+01  5.747853E+03  6.928509E+02  8.252444E+01  1.265712E+01  0.000000E+00
2.600332E+01  5.626911E+03  6.741112E+02  8.064596E+01  1.014259E+01  0.000000E+00
2.660901E+01  5.497860E+03  6.321741E+02  8.823845E+01  1.160396E+01  0.000000E+00
2.722882E+01  5.347671E+03  6.385737E+02  7.725254E+01  9.686098E+00  0.000000E+00
2.786306E+01  5.273271E+03  6.201133E+02  8.242012E+01  1.177430E+01  0.000000E+00
2.851207E+01  5.111273E+03  6.272054E+02  8.189769E+01  1.082945E+01  0.000000E+00
2.917620E+01  5.002863E+03  6.133694E+02  7.981299E+01  1.234676E+01  0.000000E+00
2.985580E+01  4.884460E+03  5.854026E+02  7.497980E+01  8.618367E+00  0.000000E+00
3.055124E+01  4.789067E+03  5.855527E+02  7.495748E+01  1.031718E+01  0.000000E+00
3.126287E+01  4.614417E+03  5.751046E+02  6.646110E+01  9.876572E+00  0.000000E+00
3.199107E+01  4.569502E+03  5.587963E+02  6.615473E+01  8.646363E+00  0.000000E+00
3.273624E+01  4.488282E+03  5.390025E+02  6.386286E+01  8.253047E+00  0.000000E+00
3.349876E+01  4.342718E+03  5.081066E+02  6.528959E+01  8.065184E+00  0.000000E+00
3.427905E+01  4.280834E+03  5.130545E+02  6.549233E+01  9.382855E+00  0.000000E+00
3.507751E+01  4.156249E+03  5.208148E+02  5.923352E+01  6.601878E+00  0.000000E+00
3.589457E+01  4.042645E+03  4.964149E+02  6.164863E+01  9.856613E+00  0.000000E+00
3.673066E+01  3.978644E+03  4.725056E+02  5.306494E+01  7.180404E+00  0.000000E+00
3.758623E+01  3.861552E+03  4.554177E+02  5.545108E+01  8.043830E+00  0.000000E+00
3.846173E+01  3.776663E+03  4.763268E+02  5.970810E+01  6.689983E+00  0.000000E+00
3.935762E+01  3.657680E+03  4.458712E+02  5.540701E+01  7.354913E+00  0.000000E+00
4.027437E+01  3.595664E+03  4.414719E+02  5.095135E+01  8.465271E+00  0.000000E+00
4.121248E+01  3.543317E+03  4.315788E+02  4.963547E+01  7.804319E+00  0.000000E+00
4.217245E+01  3.414003E+03  4.335000E+02  5.186136E+01  7.931738E+00  0.000000E+00
4.315477E+01  3.379519E+03  3.902426E+02  5.276771E+01  7.005883E+00  0.000000E+00
4.415997E+01  3.295308E+03  4.033555E+02  4.865321E+01  7.137746E+00  0.000000E+00
4.518859E+01  3.229408E+03  3.955975E+02  4.797278E+01  5.978804E+00  0.000000E+00
4.624117E+01  3.151446E+03  3.826975E+02  4.256831E+01  6.677382E+00  0.000000E+00
4.731826E+01  3.058503E+03  3.722189E+02  4.635743E+01  7.612951E+00  0.000000E+00
4.842045E+01  2.991806E+03  3.764999E+02  4.609932E+01  5.712595E+00  0.000000E+00
4.954830E+01  2.937985E+03  3.627366E+02  4.414118E+01  5.452734E+00  0.000000E+00
5.070243E+01  2.892042E+03  3.330384E+02  4.592758E+01  6.851076E+00  0.000000E+00
5.188344E+01  2.813565E+03  3.425673E+02  4.327035E+01  5.579272E+00  0.000000E+00
5.309196E+01  2.763817E+03  3.302865E+02  4.083146E+01  4.967626E+00  0.000000E+00
5.432863E+01  2.644663E+03  3.228867E+02  4.333573E+01  5.801778E+00  0.000000E+00
5.559411E+01  2.618482E+03  3.245622E+02  3.355545E+01  4.281212E+00  0.000000E+00
5.688906E+01  2.571090E+03  3.145735E+02  3.663617E+01  4.636058E+00  0.000000E+00
5.821418E+01  2.476542E+03  3.063079E+02  4.176926E+01  4.309527E+00  0.000000E+00
5.957016E+01  2.442198E+03  2.996595E+02  3.509525E+01  5.291284E+00  0.000000E+00
6.095773E+01  2.359697E+03  2.875620E+02  3.798984E+01  4.959785E+00  0.000000E+00
6.237762E+01  2.294640E+03  2.799850E+02  3.588759E+01  4.950012E+00  0.000000E+00
6.383058E+01  2.283323E+03  2.705885E+02  3.255124E+01  4.535002E+00  0.000000E+00
6.531738E+01  2.232432E+03  2.673836E+02  2.954515E+01  4.727225E+00  0.000000E+00
6.683882E+01  2.168623E+03  2.580250E+02  3.079747E+01  3.753441E+00  0.000000E+00
6.839570E+01  2.122269E+03  2.598639E+02  2.765110E+01  3.009643E+00  0.000000E+00
6.998884E+01  2.087746E+03  2.481583E+02  3.262822E+01  3.952150E+00  0.000000E+00
7.161909E+01  2.022889E+03  2.429586E+02  2.811314E+01  3.413097E+00  0.000000E+00
7.328731E+01  1.964554E+03  2.241743E+02  2.747321E+01  4.125370E+00  0.000000E+00
7.499439E+01  1.932187E+03  2.295362E+02  2.590431E+01  3.087930E+00  0.000000E+00
7.674123E+01  1.898599E+03  2.191142E+02  2.749406E+01  3.436757E+00  0.000000E+00
7.852877E+01  1.830889E+03  2.208436E+02  2.391927E+01  3.686188E+00  0.000000E+00
8.035794E+01  1.814669E+03  2.121343E+02  2.569627E+01  3.121976E+00  0.000000E+00
8.222971E+01  1.761393E+03  2.070708E+02  2.346855E+01  2.268627E+00  0.000000E+00
8.414509E+01  1.714189E+03  2.070971E+02  2.094670E+01  2.905017E+00  0.000000E+00
8.610508E+01  1.681445E+03  2.023083E+02  2.166522E+01  2.315937E+00  0.000000E+00
8.811073E+01  1.626306E+03  1.926657E+02  2.263220E+01  2.555248E+00  0.000000E+00
9.016309E+01  1.613687E+03  1.829292E+02  2.283048E+01  2.711119E+00  0.000000E+00
9.226326E+01  1.560710E+03  1.842035E+02  2.119525E+01  2.719128E+00  0.000000E+00
9.441234E+01  1.532133E+03  1.732652E+02  2.139413E+01  2.589099E+00  0.000000E+00
9.661149E+01  1.497191E+03  1.732496E+02  2.017473E+01  2.064081E+00  0.000000E+00
9.886186E+01  1.461744E+03  1.643608E+02  2.036617E+01  2.147232E+00  0.000000E+00
1.011646E+02  1.438645E+03  1.622092E+02  2.085638E+01  2.161941E+00  0.000000E+00
1.035211E+02  1.401361E+03  1.554099E+02  1.752323E+01  2.174869E+00  0.000000E+00
1.059324E+02  1.360111E+03  1.527225E+02  1.700290E+01  2.125363E+00  0.000000E+00
1.083999E+02  1.322267E+03  1.507297E+02  1.732798E+01  1.424217E+00  0.000000E+00
1.109248E+02  1.312466E+03  1.477626E+02  1.617965E+01  1.855731E+00  0.000000E+00
1.135086E+02  1.272446E+03  1.380519E+02  1.547133E+01  1.303445E+00  0.000000E+00
1.161526E+02  1.235064E+03  1.349648E+02  1.528530E+01  1.550683E+00  0.000000E+00
1.188581E+02  1.224215E+03  1.304855E+02  1.542446E+01  1.677748E+00  0.000000E+00
1.216267E+02  1.199363E+03  1.297366E+02  1.480891E+01  1.322224E+00  0.000000E+00
1.244597E+02  1.144772E+03  1.280239E+02  1.504035E+01  1.757292E+00  0.000000E+00
1.273587E+02  1.127806E+03  1.209175E+02  1.358680E+01  1.363731E+00  0.000000E+00
1.303253E+02  1.118323E+03  1.184119E+02  1.238907E+01  1.628842E+00  0.000000E+00
1.333610E+02  1.071354E+03  1.155235E+02  1.220353E+01  1.832942E+00  0.000000E+00
1.364674E+02  1.046213E+03  1.092172E+02  1.197288E+01  1.602669E+00  0.000000E+00
1.396461E+02  1.019588E+03  1.074681E+02  1.179248E+01  9.673515E-01  0.000000E+00
1.428989E+02  1.000251E+03  1.045717E+02  1.129897E+01  1.440506E+00  0.000000E+00
1.462274E+02  9.793743E+02  9.845212E+01  1.108576E+01  1.275742E+00  0.000000E+00
1.496335E+02  9.534269E+02  1.008110E+02  9.844655E+00  1.074744E+00  0.000000E+00
1.531189E+02  9.270610E+02  9.666775E+01  9.494529E+00  1.008269E+00  0.000000E+00
1.566855E+02  9.068207E+02  9.147032E+01  9.771066E+00  9.442627E-01  0.000000E+00
1.603352E+02  8.777536E+02  8.742230E+01  8.866603E+00  6.820464E-01  0.000000E+00
1.640699E+02  8.700845E+02  8.143320E+01  8.821603E+00  1.293835E+00  0.000000E+00
1.678915E+02  8.402789E+02  7.919641E+01  8.199338E+00  7.279786E-01  0.000000E+00
1.718022E+02  8.223125E+02  7.679460E+01  8.536893E+00  4.867527E-01  0.000000E+00
1.758040E+02  8.019844E+02  7.640038E+01  7.391224E+00  9.147555E-01  0.000000E+00
1.798990E+02  7.771497E+02  7.780794E+01  7.938126E+00  4.648452E-01  0.000000E+00
1.840894E+02  7.656096E+02  7.097002E+01  6.254866E+00  6.639244E-01  0.000000E+00
1.883774E+02  7.525190E+02  6.781789E+01  6.146636E+00  7.854035E-01  0.000000E+00
1.927653E+02  7.236765E+02  6.527304E+01  6.640765E+00  6.006722E-01  0.000000E+00
1.972553E+02  7.105951E+02  6.306980E+01  5.935214E+00  6.522213E-01  0.000000E+00
2.018500E+02  6.956948E+02  5.816047E+01  6.310012E+00  4.461625E-01  0.000000E+00
2.065517E+02  6.692078E+02  5.777087E+01  6.104092E+00  6.228665E-01  0.000000E+00
2.113629E+02  6.688876E+02  5.660802E+01  4.808638E+00  5.782540E-01  0.000000E+00
2.162862E+02  6.445907E+02  5.377290E+01  5.621171E+00  3.568998E-01  0.000000E+00
2.213241E+02  6.402650E+02  5.202571E+01  4.911925E+00  4.359697E-01  0.000000E+00
2.264794E+02  6.102680E+02  4.947812E+01  4.743310E+00  3.124336E-01  0.000000E+00
2.317548E+02  6.019279E+02  4.910128E+01  4.774121E+00  3.053217E-01  0.000000E+00
2.371531E+02  5.857851E+02  4.597637E+01  4.367077E+00  4.611200E-01  0.000000E+00
2.426771E+02  5.732727E+02  4.379001E+01  3.896569E+00  1.060291E-01  0.000000E+00
2.483298E+02  5.662332E+02  4.041007E+01  3.833776E+00  2.072311E-01  0.000000E+00
2.541141E+02  5.430159E+02  4.207228E+01  3.240224E+00  3.037710E-01  0.000000E+00
2.600332E+02  5.298885E+02  3.903660E+01  3.834394E+00  2.968563E-01  0.000000E+00
2.660901E+02  5.224200E+02  3.713267E+01  3.311964E+00  2.417492E-01  0.000000E+00
2.722882E+02  5.081422E+02  3.522432E+01  2.929454E+00  3.779941E-01  0.000000E+00
2.786306E+02  4.969910E+02  3.324509E+01  3.047466E+00  3.001293E-01  0.000000E+00
2.851207E+02  4.873251E+02  3.122490E+01  3.068343E+00  1.353681E-01  0.000000E+00
2.917620E+02  4.729912E+02  3.132991E+01  2.954403E+00  3.527646E-01  0.000000E+00
2.985580E+02  4.548559E+02  2.837597E+01  2.477781E+00  2.154592E-01  0.000000E+00
3.055124E+02  4.445863E+02  2.886705E+01  2.463490E+00  1.684438E-01  0.000000E+00
3.126287E+02  4.337050E+02  2.695481E+01  2.427991E+00  2.057619E-01  0.000000E+00
3.199107E+02  4.213192E+02  2.541629E+01  2.091213E+00  1.407547E-01  0.000000E+00
3.273624E+02  4.152658E+02  2.432684E+01  2.240113E+00  5.895033E-02  0.000000E+00
3.349876E+02  4.011853E+02  2.248650E+01  1.747457E+00  1.152169E-01  0.000000E+00
3.427905E+02  3.874744E+02  2.148674E+01  1.932868E+00  1.688914E-01  0.000000E+00
3.507751E+02  3.767105E+02  2.108933E+01  1.852194E+00  1.467084E-01  0.000000E+00
3.589457E+02  3.731714E+02  2.059136E+01  1.702506E+00  1.075267E-01  0.000000E+00
3.673066E+02  3.568486E+02  1.880916E+01  1.611213E+00  5.253954E-02  0.000000E+00
3.758623E+02  3.484519E+02  1.903136E+01  1.198017E+00  1.198017E-01  0.000000E+00
3.846173E+02  3.414734E+02  1.600578E+01  1.237647E+00  8.362478E-02  0.000000E+00
3.935762E+02  3.303663E+02  1.608274E+01  8.989338E-01  3.268850E-02  0.000000E+00
4.027437E+02  3.198595E+02  1.429513E+01  1.006249E+00  1.597221E-02  0.000000E+00
4.121248E+02  3.179167E+02  1.389169E+01  7.023887E-01  3.121728E-02  0.000000E+00
4.217245E+02  3.022907E+02  1.412459E+01  7.779204E-01  0.000000E+00  0.000000E+00
4.315477E+02  2.957079E+02  1.252115E+01  7.602128E-01  2.981227E-02  0.000000E+00
4.415997E+02  2.882630E+02  1.187197E+01  8.594429E-01  0.000000E+00  0.000000E+00
4.518859E+02  2.795091E+02  1.070491E+01  6.121156E-01  0.000000E+00  0.000000E+00
4.624117E+02  2.703783E+02  1.075337E+01  3.338691E-01  4.173364E-02  0.000000E+00
4.731826E+02  2.643189E+02  1.018232E+01  5.709713E-01  1.359456E-02  0.000000E+00
4.842045E+02  2.592721E+02  9.273004E+00  4.649787E-01  2.657021E-02  0.000000E+00
4.954830E+02  2.467492E+02  9.113855E+00  3.764983E-01  0.000000E+00  0.000000E+00
5.070243E+02  2.425154E+02  8.728778E+00  3.552410E-01  0.000000E+00  0.000000E+00
5.188344E+02  2.377762E+02  7.352240E+00  2.975612E-01  0.000000E+00  0.000000E+00
5.309196E+02  2.298314E+02  6.991024E+00  2.180909E-01  0.000000E+00  0.000000E+00
5.432863E+02  2.213082E+02  6.275392E+00  2.131265E-01  0.000000E+00  0.000000E+00
5.559411E+02  2.159698E+02  5.773851E+00  2.314169E-01  2.314169E-02  0.000000E+00
5.688906E+02  2.109406E+02  5.563270E+00  1.696119E-01  2.261492E-02  0.000000E+00
5.821418E+02  2.045478E+02  5.469784E+00  9.945063E-02  1.105007E-02  0.000000E+00
5.957016E+02  1.997946E+02  4.470595E+00  8.638831E-02  0.000000E+00  0.000000E+00
6.095773E+02  1.914055E+02  4.073355E+00  1.266328E-01  0.000000E+00  0.000000E+00
6.237762E+02  1.861617E+02  3.227820E+00  1.443753E-01  0.000000E+00  0.000000E+00
6.383058E+02  1.803520E+02  3.406291E+00  1.310112E-01  0.000000E+00  0.000000E+00
6.531738E+02  1.753702E+02  2.678761E+00  8.863546E-02  0.000000E+00  0.000000E+00
6.683882E+02  1.710318E+02  2.463797E+00  3.849683E-02  0.000000E+00  0.000000E+00
6.839570E+02  1.626994E+02  2.144371E+00  6.583594E-02  0.000000E+00  0.000000E+00
6.998884E+02  1.584628E+02  1.865783E+00  5.514628E-02  0.000000E+00  0.000000E+00
7.161909E+02  1.525205E+02  1.868221E+00  1.796367E-02  0.000000E+00  0.000000E+00
7.328731E+02  1.473898E+02  1.773031E+00  4.388691E-02  0.000000E+00  0.000000E+00
7.499439E+02  1.418561E+02  1.389569E+00  2.573275E-02  8.577585E-03  0.000000E+00
7.674123E+02  1.384007E+02  1.215439E+00  3.352934E-02  0.000000E+00  0.000000E+00
7.852877E+02  1.319328E+02  9.584090E-01  8.191530E-03  0.000000E+00  0.000000E+00
8.035794E+02  1.261439E+02  8.645473E-01  3.202027E-02  0.000000E+00  0.000000E+00
8.222971E+02  1.228579E+02  5.710681E-01  3.911425E-02  0.000000E+00  0.000000E+00
8.414509E+02  1.174697E+02  5.962929E-01  0.000000E+00  0.000000E+00  0.000000E+00
8.610508E+02  1.148630E+02  6.574272E-01  1.494153E-02  0.000000E+00  0.000000E+00
8.811073E+02  1.093208E+02  4.161404E-01  1.460142E-02  0.000000E+00  0.000000E+00
9.016309E+02  1.074459E+02  3.210536E-01  7.134524E-03  0.000000E+00  0.000000E+00
9.226326E+02  1.018767E+02  3.486061E-01  6.972122E-03  0.000000E+00  0.000000E+00
9.441234E+02  9.861741E+01  2.929770E-01  6.813418E-03  0.000000E+00  0.000000E+00
9.661149E+02  9.603968E+01  2.463580E-01  0.000000E+00  0.000000E+00  0.000000E+00
9.886186E+02  9.144605E+01  2.407502E-01  0.000000E+00  0.000000E+00  0.000000E+00
