# Er [keV]  dR/dEr H1 [1/keV/decay]  O16  Al27  Si28  Si29  Si30  K39  K41
1.011646E-03  9.255737E+07  1.209072E+07  1.496754E+06  1.685861E+06  1.207060E+05  1.046119E+05  4.651205E+06  5.632947E+04
1.035211E-03  9.086729E+07  1.133580E+07  1.317202E+06  1.596370E+06  1.179584E+05  9.829867E+04  4.694744E+06  3.538752E+04
1.059324E-03  8.823406E+07  1.128526E+07  1.394807E+06  1.648409E+06  1.229582E+05  6.916400E+04  4.491818E+06  8.069134E+04
1.083999E-03  8.572995E+07  1.122364E+07  1.291713E+06  1.633416E+06  1.314243E+05  6.383466E+04  4.408346E+06  6.383466E+04
1.109248E-03  8.469954E+07  1.103421E+07  1.302675E+06  1.537523E+06  9.907667E+04  7.705963E+04  4.513493E+06  5.871210E+04
1.135086E-03  8.175671E+07  1.136038E+07  1.233576E+06  1.685410E+06  1.434391E+05  7.889152E+04  4.353377E+06  6.096163E+04
1.161526E-03  8.040383E+07  1.175009E+07  1.240540E+06  1.829271E+06  9.812183E+04  5.606962E+04  4.198213E+06  3.504351E+04
1.188581E-03  7.812842E+07  1.163331E+07  1.335587E+06  1.702017E+06  1.095866E+05  9.931289E+04  4.030734E+06  6.164248E+04
1.216267E-03  7.661439E+07  1.146890E+07  1.275066E+06  1.703434E+06  1.070921E+05  6.693259E+04  4.240179E+06  4.685281E+04
1.244597E-03  7.443219E+07  1.131249E+07  1.210067E+06  1.690823E+06  1.242771E+05  5.559766E+04  4.074982E+06  3.597496E+04
1.273587E-03  7.302874E+07  1.120520E+07  1.326343E+06  1.808940E+06  1.502123E+05  6.711613E+04  3.569939E+06  6.711613E+04
1.303253E-03  7.294365E+07  1.116252E+07  1.321137E+06  1.717791E+06  1.124372E+05  5.934187E+04  3.504294E+06  4.684884E+04
1.333610E-03  7.070334E+07  1.133268E+07  1.217813E+06  1.599333E+06  1.037735E+05  6.409541E+04  3.662595E+06  5.799108E+04
1.364674E-03  6.782928E+07  1.146246E+07  1.291503E+06  1.583807E+06  1.461516E+05  6.561911E+04  3.686601E+06  4.474030E+04
1.396461E-03  6.734336E+07  1.106455E+07  1.270849E+06  1.664346E+06  1.078473E+05  5.538106E+04  3.451114E+06  2.914792E+04
1.428989E-03  6.615225E+07  1.175838E+07  1.264709E+06  1.543856E+06  9.399864E+04  5.696887E+04  3.529222E+06  3.702977E+04
1.462274E-03  6.402570E+07  1.145732E+07  1.252622E+06  1.567170E+06  1.252622E+05  7.794094E+04  3.231766E+06  2.505245E+04
1.496335E-03  6.210042E+07  1.149030E+07  1.264913E+06  1.479812E+06  8.704776E+04  6.800606E+04  3.242529E+06  4.624412E+04
1.531189E-03  6.077722E+07  1.160358E+07  1.172320E+06  1.427519E+06  9.304128E+04  6.114141E+04  3.083654E+06  5.050812E+04
1.566855E-03  6.036015E+07  1.153428E+07  1.137841E+06  1.488546E+06  1.246949E+05  5.715185E+04  3.270645E+06  2.078249E+04
1.603352E-03  5.845814E+07  1.134789E+07  1.210949E+06  1.386118E+06  7.616034E+04  5.585092E+04  3.023566E+06  2.792546E+04
1.640699E-03  5.757651E+07  1.149149E+07  1.213156E+06  1.419069E+06  8.435028E+04  3.969425E+04  3.019244E+06  2.977069E+04
1.678915E-03  5.648411E+07  1.117172E+07  1.115233E+06  1.362523E+06  8.727907E+04  6.545930E+04  3.035372E+06  2.909302E+04
1.718022E-03  5.435729E+07  1.116382E+07  1.040093E+06  1.314924E+06  8.292313E+04  4.975388E+04  2.779109E+06  4.264618E+04
1.758040E-03  5.292317E+07  1.134729E+07  1.023363E+06  1.266470E+06  9.955798E+04  5.093664E+04  2.734372E+06  2.778362E+04
1.798990E-03  5.245610E+07  1.167049E+07  1.006857E+06  1.291944E+06  1.018170E+05  6.109018E+04  2.672130E+06  3.846419E+04
1.840894E-03  5.086184E+07  1.139599E+07  9.839378E+05  1.171881E+06  9.949933E+04  5.527740E+04  2.602460E+06  3.095535E+04
1.883774E-03  5.001308E+07  1.131161E+07  1.009077E+06  1.149527E+06  6.050143E+04  4.753684E+04  2.629652E+06  3.025072E+04
1.927653E-03  4.839742E+07  1.141098E+07  9.966660E+05  1.178262E+06  6.545899E+04  4.856635E+04  2.567682E+06  4.012003E+04
1.972553E-03  4.718846E+07  1.168775E+07  9.574709E+05  1.223664E+06  8.873114E+04  2.888921E+04  2.542250E+06  3.714327E+04
2.018500E-03  4.611634E+07  1.145397E+07  8.812296E+05  1.143380E+06  6.049631E+04  4.234742E+04  2.397670E+06  4.234742E+04
2.065517E-03  4.510601E+07  1.116763E+07  8.651116E+05  1.040499E+06  7.291374E+04  4.926604E+04  2.421918E+06  1.970641E+04
2.113629E-03  4.392906E+07  1.115799E+07  8.762318E+05  1.113103E+06  6.740245E+04  4.044147E+04  2.368715E+06  2.310941E+04
2.162862E-03  4.322835E+07  1.138955E+07  9.146267E+05  1.021898E+06  5.645844E+04  5.645844E+04  2.307268E+06  4.328480E+04
2.213241E-03  4.247975E+07  1.163421E+07  7.834607E+05  9.673717E+05  8.275993E+04  4.229952E+04  2.431303E+06  2.206932E+04
2.264794E-03  4.170151E+07  1.140353E+07  8.842452E+05  1.020836E+06  6.649812E+04  3.774217E+04  2.135129E+06  1.976971E+04
2.317548E-03  4.052394E+07  1.100696E+07  8.711427E+05  9.449088E+05  6.498444E+04  4.390840E+04  2.107603E+06  4.039573E+04
2.371531E-03  3.973538E+07  1.098468E+07  7.517644E+05  9.577272E+05  8.581785E+04  4.119257E+04  2.140297E+06  1.373086E+04
2.426771E-03  3.857762E+07  1.048976E+07  7.380067E+05  9.443131E+05  6.373694E+04  2.348203E+04  2.006036E+06  3.522305E+04
2.483298E-03  3.793880E+07  1.034769E+07  7.490724E+05  9.326526E+05  6.064700E+04  3.933860E+04  1.968569E+06  2.294751E+04
2.541141E-03  3.728504E+07  1.010414E+07  7.672610E+05  9.018120E+05  8.329347E+04  4.004494E+04  2.005451E+06  1.601798E+04
2.600332E-03  3.589785E+07  9.622122E+06  7.576227E+05  8.546736E+05  5.791744E+04  3.913340E+04  2.016153E+06  1.878403E+04
2.660901E-03  3.548303E+07  9.510175E+06  6.776592E+05  8.199218E+05  4.895055E+04  3.365351E+04  1.904482E+06  1.988616E+04
2.722882E-03  3.436739E+07  9.337048E+06  7.040906E+05  8.311558E+05  4.933119E+04  3.139257E+04  1.777418E+06  1.943350E+04
2.786306E-03  3.368443E+07  9.311501E+06  6.588464E+05  8.107755E+05  6.719941E+04  2.921713E+04  1.723811E+06  1.753028E+04
2.851207E-03  3.255650E+07  8.932516E+06  6.666909E+05  7.980304E+05  6.566976E+04  4.425571E+04  1.830188E+06  1.142083E+04
2.917620E-03  3.216001E+07  8.818474E+06  6.612809E+05  8.217182E+05  4.603854E+04  3.208747E+04  1.713192E+06  2.790215E+04
2.985580E-03  3.132980E+07  8.492312E+06  6.680419E+05  7.457529E+05  5.044398E+04  3.408377E+04  1.640111E+06  1.772356E+04
3.055124E-03  3.076320E+07  8.295007E+06  5.782257E+05  7.860671E+05  4.529878E+04  3.730488E+04  1.594784E+06  2.531403E+04
3.126287E-03  2.993535E+07  8.201235E+06  5.819895E+05  7.226044E+05  5.598557E+04  2.734179E+04  1.640507E+06  1.952985E+04
3.199107E-03  2.907963E+07  7.970019E+06  6.030953E+05  6.654406E+05  5.471118E+04  3.180883E+04  1.614616E+06  1.908530E+04
3.273624E-03  2.870119E+07  7.599604E+06  5.644994E+05  7.186798E+05  6.589971E+04  1.865086E+04  1.566672E+06  1.243391E+04
3.349876E-03  2.778906E+07  7.696365E+06  5.504347E+05  6.792340E+05  5.103368E+04  3.402246E+04  1.466611E+06  1.701123E+04
3.427905E-03  2.721231E+07  7.318124E+06  5.664036E+05  6.792093E+05  4.512230E+04  2.493601E+04  1.462912E+06  1.543658E+04
3.507751E-03  2.645479E+07  7.423077E+06  5.384255E+05  6.347387E+05  6.498239E+04  2.320799E+04  1.397121E+06  1.276440E+04
3.589457E-03  2.588323E+07  7.110091E+06  4.978198E+05  6.679176E+05  4.649342E+04  2.948363E+04  1.370989E+06  6.803915E+03
3.673066E-03  2.541152E+07  7.024710E+06  4.997861E+05  6.061707E+05  3.546154E+04  2.437981E+04  1.436192E+06  2.105529E+04
3.758623E-03  2.505075E+07  6.791167E+06  5.241469E+05  6.161974E+05  4.440087E+04  2.057601E+04  1.382925E+06  1.082948E+04
3.846173E-03  2.429321E+07  6.670447E+06  5.122158E+05  6.032294E+05  4.127359E+04  2.539913E+04  1.358854E+06  2.116594E+04
3.935762E-03  2.399878E+07  6.550669E+06  4.850433E+05  6.205244E+05  4.447092E+04  2.378677E+04  1.333093E+06  2.792360E+04
4.027437E-03  2.318164E+07  6.351025E+06  4.841090E+05  6.013462E+05  3.941597E+04  2.425598E+04  1.250194E+06  1.819199E+04
4.121248E-03  2.258582E+07  6.104729E+06  4.898795E+05  5.767937E+05  4.642004E+04  1.481491E+04  1.307662E+06  1.382725E+04
4.217245E-03  2.225798E+07  6.169421E+06  4.739026E+05  5.742812E+05  4.922410E+04  1.544286E+04  1.291409E+06  1.544286E+04
4.315477E-03  2.166078E+07  5.859210E+06  4.668881E+05  5.310263E+05  3.395550E+04  1.980737E+04  1.238433E+06  9.432083E+03
4.415997E-03  2.128202E+07  5.882534E+06  4.074083E+05  5.760864E+05  3.410432E+04  2.488693E+04  1.154938E+06  8.295645E+03
4.518859E-03  2.071741E+07  5.632433E+06  4.620883E+05  5.125307E+05  3.152649E+04  1.441211E+04  1.149366E+06  1.261060E+04
4.624117E-03  2.025111E+07  5.499822E+06  4.612527E+05  5.175889E+05  3.785089E+04  1.232355E+04  1.160174E+06  1.672481E+04
4.731826E-03  1.991315E+07  5.479577E+06  3.956995E+05  4.937641E+05  3.526886E+04  2.236562E+04  1.105378E+06  1.376346E+04
4.842045E-03  1.919927E+07  5.417054E+06  4.043456E+05  5.001780E+05  2.605969E+04  2.521906E+04  1.103754E+06  1.429080E+04
4.954830E-03  1.902430E+07  5.230491E+06  3.680320E+05  4.567541E+05  2.957400E+04  1.889450E+04  1.067129E+06  1.067950E+04
5.070243E-03  1.849492E+07  5.231851E+06  3.452042E+05  4.567935E+05  3.452042E+04  1.846441E+04  1.046852E+06  8.028005E+03
5.188344E-03  1.807314E+07  5.009202E+06  3.483298E+05  4.401194E+05  3.059653E+04  1.255242E+04  1.030868E+06  1.647506E+04
5.309196E-03  1.758431E+07  4.753345E+06  3.695342E+05  4.745678E+05  2.760007E+04  9.966691E+03  1.005102E+06  1.150003E+04
5.432863E-03  1.715632E+07  4.769515E+06  3.686148E+05  4.218092E+05  3.596242E+04  1.348591E+04  9.822235E+05  1.423512E+04
5.559411E-03  1.685731E+07  4.713664E+06  3.360627E+05  4.341725E+05  3.367949E+04  1.903623E+04  9.049531E+05  1.391109E+04
5.688906E-03  1.640634E+07  4.595635E+06  3.219735E+05  3.928077E+05  2.074940E+04  1.788742E+04  9.258527E+05  1.144795E+04
5.821418E-03  1.608812E+07  4.463057E+06  3.489058E+05  4.237213E+05  3.216366E+04  1.957788E+04  9.082738E+05  1.398420E+04
5.957016E-03  1.559414E+07  4.309535E+06  3.252480E+05  3.737618E+05  3.279811E+04  1.981553E+04  9.087811E+05  1.093270E+04
6.095773E-03  1.523049E+07  4.180055E+06  3.185121E+05  3.779410E+05  2.470639E+04  1.669351E+04  8.934366E+05  1.335481E+04
6.237762E-03  1.499212E+07  4.110354E+06  3.327958E+05  3.693381E+05  2.544909E+04  1.435590E+04  8.744046E+05  1.109319E+04
6.383058E-03  1.455266E+07  4.051864E+06  2.990752E+05  3.896268E+05  1.976830E+04  1.402912E+04  8.513123E+05  1.147837E+04
6.531738E-03  1.427561E+07  4.033790E+06  2.779345E+05  3.508456E+05  2.118783E+04  1.620246E+04  8.219633E+05  9.970745E+03
6.683882E-03  1.409012E+07  3.945623E+06  3.166730E+05  3.787896E+05  2.375047E+04  1.217973E+04  7.831566E+05  7.307837E+03
6.839570E-03  1.377832E+07  3.762375E+06  2.814938E+05  3.481477E+05  2.380497E+04  1.904397E+04  7.927055E+05  8.926863E+03
6.998884E-03  1.345887E+07  3.674407E+06  2.925335E+05  3.594149E+05  2.326310E+04  8.723663E+03  7.513982E+05  9.305241E+03
7.161909E-03  1.323662E+07  3.662378E+06  2.841696E+05  3.222483E+05  2.443859E+04  8.525088E+03  7.632796E+05  1.477682E+04
7.328731E-03  1.294809E+07  3.615669E+06  2.677039E+05  3.287981E+05  2.499310E+04  1.332965E+04  7.675659E+05  7.775631E+03
7.499439E-03  1.254318E+07  3.489402E+06  2.681233E+05  3.050310E+05  1.411175E+04  1.411175E+04  7.511795E+05  7.598636E+03
7.674123E-03  1.217439E+07  3.440207E+06  2.694457E+05  3.235471E+05  1.803377E+04  1.432094E+04  6.895265E+05  1.219932E+04
7.852877E-03  1.182729E+07  3.340128E+06  2.456891E+05  2.970040E+05  1.865993E+04  1.503161E+04  6.950826E+05  7.774973E+03
8.035794E-03  1.151906E+07  3.249915E+06  2.360443E+05  3.226614E+05  2.279398E+04  1.519599E+04  6.676103E+05  7.597993E+03
8.222971E-03  1.136972E+07  3.132377E+06  2.400763E+05  2.945266E+05  1.683009E+04  1.386008E+04  6.781538E+05  7.920044E+03
8.414509E-03  1.111623E+07  3.126864E+06  2.409001E+05  2.907248E+05  2.805664E+04  1.257711E+04  6.902900E+05  8.223497E+03
8.610508E-03  1.074218E+07  2.967761E+06  2.410892E+05  2.675618E+05  2.079985E+04  1.039993E+04  6.405410E+05  1.087265E+04
8.811073E-03  1.050135E+07  2.979664E+06  2.138891E+05  2.845695E+05  1.801657E+04  1.016320E+04  6.268844E+05  8.777306E+03
9.016309E-03  1.022755E+07  2.907776E+06  2.108262E+05  2.699658E+05  1.850936E+04  1.309199E+04  5.941054E+05  1.038330E+04
9.226326E-03  1.002827E+07  2.810264E+06  1.949979E+05  2.863204E+05  1.985273E+04  1.147046E+04  6.158757E+05  1.102929E+04
9.441234E-03  9.733177E+06  2.821742E+06  2.129779E+05  2.371212E+05  1.595179E+04  9.484846E+03  6.104792E+05  7.760329E+03
9.661149E-03  9.495613E+06  2.742765E+06  2.068660E+05  2.452057E+05  1.474605E+04  8.847629E+03  5.679335E+05  7.162367E+03
9.886186E-03  9.146067E+06  2.705859E+06  1.856881E+05  2.560932E+05  1.564556E+04  1.152831E+04  5.924728E+05  9.881409E+03
1.011646E-02  8.880341E+06  2.598800E+06  1.947390E+05  2.530803E+05  1.850825E+04  8.047067E+03  5.532359E+05  6.840007E+03
1.035211E-02  8.701005E+06  2.537285E+06  2.017089E+05  2.520378E+05  1.533459E+04  9.829867E+03  5.343516E+05  5.504725E+03
1.059324E-02  8.473743E+06  2.510653E+06  1.902010E+05  2.286255E+05  1.421705E+04  9.990356E+03  5.414005E+05  6.147911E+03
1.083999E-02  8.337182E+06  2.414828E+06  1.877490E+05  2.346862E+05  2.140339E+04  8.636454E+03  5.317052E+05  7.885458E+03
1.109248E-02  8.207584E+06  2.399490E+06  1.743015E+05  2.135653E+05  1.467802E+04  1.247632E+04  5.207029E+05  4.403407E+03
1.135086E-02  8.016812E+06  2.375352E+06  1.739199E+05  2.137243E+05  1.470251E+04  1.039934E+04  4.962994E+05  3.944576E+03
1.161526E-02  7.725342E+06  2.269418E+06  1.815254E+05  2.039532E+05  1.191479E+04  9.111313E+03  5.053274E+05  3.153916E+03
1.188581E-02  7.593669E+06  2.211253E+06  1.565034E+05  1.928040E+05  1.404079E+04  7.876540E+03  4.599214E+05  3.424582E+03
1.216267E-02  7.400067E+06  2.185014E+06  1.686701E+05  2.115070E+05  1.104388E+04  9.705225E+03  5.056757E+05  6.023933E+03
1.244597E-02  7.203495E+06  2.132007E+06  1.687553E+05  2.044032E+05  1.210067E+04  5.559766E+03  4.696367E+05  4.905676E+03
1.273587E-02  7.114310E+06  2.091147E+06  1.623571E+05  1.901624E+05  1.502123E+04  6.392013E+03  4.637405E+05  6.711613E+03
1.303253E-02  6.953930E+06  2.080713E+06  1.664696E+05  1.936419E+05  1.155605E+04  6.246513E+03  4.547461E+05  3.123256E+03
1.333610E-02  6.770612E+06  2.021752E+06  1.657324E+05  1.840454E+05  1.556603E+04  6.104325E+03  4.599609E+05  8.851271E+03
1.364674E-02  6.622757E+06  1.967380E+06  1.476430E+05  1.789612E+05  1.342209E+04  9.246328E+03  4.211553E+05  8.053254E+03
1.396461E-02  6.411960E+06  1.890826E+06  1.486544E+05  1.830490E+05  1.165917E+04  6.412543E+03  4.278915E+05  4.663668E+03
1.428989E-02  6.222425E+06  1.885670E+06  1.518220E+05  1.774580E+05  1.680582E+04  5.127198E+03  4.229939E+05  5.127198E+03
1.462274E-02  6.149819E+06  1.811292E+06  1.553252E+05  1.739753E+05  1.252622E+04  7.794094E+03  4.122519E+05  3.897047E+03
1.496335E-02  6.055804E+06  1.806785E+06  1.305716E+05  1.759997E+05  1.496133E+04  6.256558E+03  4.262620E+05  5.168461E+03
1.531189E-02  5.862930E+06  1.740669E+06  1.313211E+05  1.669426E+05  1.249411E+04  5.582477E+03  3.950267E+05  3.455819E+03
1.566855E-02  5.709730E+06  1.700008E+06  1.387231E+05  1.719751E+05  1.428796E+04  9.611902E+03  3.779816E+05  4.676061E+03
1.603352E-02  5.634088E+06  1.688982E+06  1.279494E+05  1.609522E+05  1.117018E+04  5.585092E+03  4.006034E+05  4.061885E+03
1.640699E-02  5.471604E+06  1.665174E+06  1.302468E+05  1.617541E+05  1.538152E+04  7.194583E+03  3.562559E+05  3.225158E+03
1.678915E-02  5.392635E+06  1.588964E+06  1.309186E+05  1.544355E+05  8.727907E+03  5.818605E+03  3.554198E+05  6.061047E+03
1.718022E-02  5.246191E+06  1.567484E+06  1.132493E+05  1.675047E+05  1.184616E+04  6.633850E+03  3.527787E+05  3.080002E+03
1.758040E-02  5.131635E+06  1.563060E+06  1.324353E+05  1.548937E+05  1.250263E+04  6.019785E+03  3.690591E+05  5.093664E+03
1.798990E-02  5.003512E+06  1.511869E+06  1.199178E+05  1.468427E+05  1.131300E+04  7.692837E+03  3.504766E+05  4.298938E+03
1.840894E-02  4.978283E+06  1.493595E+06  1.165248E+05  1.415102E+05  9.728823E+03  5.527740E+03  3.427199E+05  2.874425E+03
1.883774E-02  4.805110E+06  1.453331E+06  1.188421E+05  1.471481E+05  1.058775E+04  4.321531E+03  3.280042E+05  4.537607E+03
1.927653E-02  4.662370E+06  1.413281E+06  1.144477E+05  1.450656E+05  1.119138E+04  6.334741E+03  3.439764E+05  3.800845E+03
1.972553E-02  4.562432E+06  1.364190E+06  1.099853E+05  1.289697E+05  8.460411E+03  5.158787E+03  3.165432E+05  3.095272E+03
2.018500E-02  4.469266E+06  1.362780E+06  9.921395E+04  1.349068E+05  1.008272E+04  5.444668E+03  3.270834E+05  3.024815E+03
2.065517E-02  4.362803E+06  1.328606E+06  1.036557E+05  1.245445E+05  9.853207E+03  3.350091E+03  2.955962E+05  3.744219E+03
2.113629E-02  4.254057E+06  1.270247E+06  9.821500E+04  1.228650E+05  7.703137E+03  3.466412E+03  2.994594E+05  3.851568E+03
2.162862E-02  4.179242E+06  1.284053E+06  9.899047E+04  1.251495E+05  7.527792E+03  4.328480E+03  3.125916E+05  3.199312E+03
2.213241E-02  4.026179E+06  1.231468E+06  1.015189E+05  1.274503E+05  8.827726E+03  4.965596E+03  3.071313E+05  2.942575E+03
2.264794E-02  3.988988E+06  1.208289E+06  9.669186E+04  1.171805E+05  7.368710E+03  3.774217E+03  2.911539E+05  3.953942E+03
2.317548E-02  3.900998E+06  1.182541E+06  9.853045E+04  1.138106E+05  1.018675E+04  3.863939E+03  2.940107E+05  3.512672E+03
2.371531E-02  3.825588E+06  1.167294E+06  9.474291E+04  1.134512E+05  6.693792E+03  3.089443E+03  2.857734E+05  4.462528E+03
2.426771E-02  3.746558E+06  1.136698E+06  9.007036E+04  1.115396E+05  7.883253E+03  4.193220E+03  2.779266E+05  3.857762E+03
2.483298E-02  3.637181E+06  1.088696E+06  9.293744E+04  1.130985E+05  7.703809E+03  4.917325E+03  2.852048E+05  4.425592E+03
2.541141E-02  3.532444E+06  1.092426E+06  8.841922E+04  1.100435E+05  7.688628E+03  4.164674E+03  2.609328E+05  3.684134E+03
2.600332E-02  3.473638E+06  1.091665E+06  9.266790E+04  1.034687E+05  7.357080E+03  4.696009E+03  2.656376E+05  3.600273E+03
2.660901E-02  3.406347E+06  1.030868E+06  8.765208E+04  1.096798E+05  7.954465E+03  4.589114E+03  2.530132E+05  3.365351E+03
2.722882E-02  3.315654E+06  1.018465E+06  8.221864E+04  1.025491E+05  7.324934E+03  3.587723E+03  2.545788E+05  4.185676E+03
2.786306E-02  3.223088E+06  1.011935E+06  8.502186E+04  1.000687E+05  6.719941E+03  4.528656E+03  2.422100E+05  4.236485E+03
2.851207E-02  3.146153E+06  9.806209E+05  7.951752E+04  1.015026E+05  6.281456E+03  4.140050E+03  2.521148E+05  2.855207E+03
2.917620E-02  3.056401E+06  9.362565E+05  7.449873E+04  9.305366E+04  6.417494E+03  3.766790E+03  2.414931E+05  3.208747E+03
2.985580E-02  2.993237E+06  9.420754E+05  7.839267E+04  9.925194E+04  7.089424E+03  2.863037E+03  2.331330E+05  1.908691E+03
3.055124E-02  2.943888E+06  9.218302E+05  8.073842E+04  8.873232E+04  8.393598E+03  3.464025E+03  2.291586E+05  3.996952E+03
3.126287E-02  2.880653E+06  9.257148E+05  7.395303E+04  9.100910E+04  7.291144E+03  4.166368E+03  2.212081E+05  2.603980E+03
3.199107E-02  2.808210E+06  8.728342E+05  7.252412E+04  9.160942E+04  5.980059E+03  4.453236E+03  2.290235E+05  2.926412E+03
3.273624E-02  2.777735E+06  8.568206E+05  7.137063E+04  9.002149E+04  6.092615E+03  4.476207E+03  2.211992E+05  3.481494E+03
3.349876E-02  2.704421E+06  8.217638E+05  7.472789E+04  8.420558E+04  5.224877E+03  3.888281E+03  2.102102E+05  1.944140E+03
3.427905E-02  2.620062E+06  8.290629E+05  7.207694E+04  8.549488E+04  7.124574E+03  3.681030E+03  2.105311E+05  2.731087E+03
3.507751E-02  2.544873E+06  8.309623E+05  7.252498E+04  8.285254E+04  5.105759E+03  3.017039E+03  2.106126E+05  2.088720E+03
3.589457E-02  2.524252E+06  8.053567E+05  6.860614E+04  8.300776E+04  4.309146E+03  3.401957E+03  1.993547E+05  3.288559E+03
3.673066E-02  2.468899E+06  7.772726E+05  6.216851E+04  7.879111E+04  7.092308E+03  2.992068E+03  1.967007E+05  3.435337E+03
3.758623E-02  2.394506E+06  7.722503E+05  6.638472E+04  7.634784E+04  4.548382E+03  2.923960E+03  2.002371E+05  2.382486E+03
3.846173E-02  2.343599E+06  7.423954E+05  6.021711E+04  7.587991E+04  5.291486E+03  2.539913E+03  1.929276E+05  2.539913E+03
3.935762E-02  2.296975E+06  7.332530E+05  5.739851E+04  7.539372E+04  5.274458E+03  2.068415E+03  1.836752E+05  2.068415E+03
4.027437E-02  2.245599E+06  7.253549E+05  6.094316E+04  7.600208E+04  6.670395E+03  2.930931E+03  1.866700E+05  1.819199E+03
4.121248E-02  2.181347E+06  6.903746E+05  5.728430E+04  7.279057E+04  4.938302E+03  3.555577E+03  1.737295E+05  1.382725E+03
4.217245E-02  2.127639E+06  6.956041E+05  6.090276E+04  7.441526E+04  4.536339E+03  2.412946E+03  1.794267E+05  2.605982E+03
4.315477E-02  2.120615E+06  6.805248E+05  6.036533E+04  7.092927E+04  4.999004E+03  2.452342E+03  1.757197E+05  2.358021E+03
4.415997E-02  2.066353E+06  6.631907E+05  5.991299E+04  7.143472E+04  4.332170E+03  2.949562E+03  1.744851E+05  2.857389E+03
4.518859E-02  2.002923E+06  6.586335E+05  5.809882E+04  7.179033E+04  6.035072E+03  2.432044E+03  1.651087E+05  2.071741E+03
4.624117E-02  1.942983E+06  6.274445E+05  5.457570E+04  7.068433E+04  3.697064E+03  3.697064E+03  1.736740E+05  2.992861E+03
4.731826E-02  1.903745E+06  6.245170E+05  5.212910E+04  6.640869E+04  4.731189E+03  2.924735E+03  1.671400E+05  2.408605E+03
4.842045E-02  1.841748E+06  6.145044E+05  5.506161E+04  6.052574E+04  4.791621E+03  3.278478E+03  1.631673E+05  1.597207E+03
4.954830E-02  1.819294E+06  6.011738E+05  5.290461E+04  6.621291E+04  4.353951E+03  2.218050E+03  1.562493E+05  1.396550E+03
5.070243E-02  1.767044E+06  5.980061E+05  4.985391E+04  6.566908E+04  5.459043E+03  2.568962E+03  1.594362E+05  2.007001E+03
5.188344E-02  1.732156E+06  5.727044E+05  4.895445E+04  5.946711E+04  4.236443E+03  2.275127E+03  1.527473E+05  1.961316E+03
5.309196E-02  1.708291E+06  5.674114E+05  4.776345E+04  5.888014E+04  3.220008E+03  2.760007E+03  1.541004E+05  2.146672E+03
5.432863E-02  1.651724E+06  5.550200E+05  4.809973E+04  5.918814E+04  4.045772E+03  1.947964E+03  1.499932E+05  1.798121E+03
5.559411E-02  1.625841E+06  5.414343E+05  4.502801E+04  5.674261E+04  4.246544E+03  2.635786E+03  1.486290E+05  2.269704E+03
5.688906E-02  1.580389E+06  5.223126E+05  4.772363E+04  5.473550E+04  3.577483E+03  2.861987E+03  1.386633E+05  1.216344E+03
5.821418E-02  1.563434E+06  5.225895E+05  4.768612E+04  5.355949E+04  3.635892E+03  2.377314E+03  1.404713E+05  2.726919E+03
5.957016E-02  1.519168E+06  5.140421E+05  4.352583E+04  5.158870E+04  3.211482E+03  1.708235E+03  1.402119E+05  1.844894E+03
6.095773E-02  1.479512E+06  4.955969E+05  4.213442E+04  5.568955E+04  3.271928E+03  2.403865E+03  1.394242E+05  1.936447E+03
6.237762E-02  1.456014E+06  4.803352E+05  4.326345E+04  5.083292E+04  3.654228E+03  2.610163E+03  1.353369E+05  2.022876E+03
6.383058E-02  1.415219E+06  4.791581E+05  4.049313E+04  5.509616E+04  3.571048E+03  1.721755E+03  1.349984E+05  1.913061E+03
6.531738E-02  1.364559E+06  4.708061E+05  4.193945E+04  4.829580E+04  4.923055E+03  2.617321E+03  1.326732E+05  1.931832E+03
6.683882E-02  1.351828E+06  4.588104E+05  3.958412E+04  4.944970E+04  3.775716E+03  1.887858E+03  1.254512E+05  1.522466E+03
6.839570E-02  1.324270E+06  4.473549E+05  3.755234E+04  4.915726E+04  2.797084E+03  1.606835E+03  1.267019E+05  1.547323E+03
6.998884E-02  1.284821E+06  4.301347E+05  4.268779E+04  5.048093E+04  3.373150E+03  2.209995E+03  1.261442E+05  1.512102E+03
7.161909E-02  1.251767E+06  4.358593E+05  3.853340E+04  4.643331E+04  3.353201E+03  2.273357E+03  1.233864E+05  1.761852E+03
7.328731E-02  1.234493E+06  4.278263E+05  3.582344E+04  4.498758E+04  2.665931E+03  2.221609E+03  1.190227E+05  8.886436E+02
7.499439E-02  1.215239E+06  4.172737E+05  3.967574E+04  4.684017E+04  2.659523E+03  1.628279E+03  1.176160E+05  1.736831E+03
7.674123E-02  1.177977E+06  4.118595E+05  3.871957E+04  4.550875E+04  2.970268E+03  1.909458E+03  1.176438E+05  1.750337E+03
7.852877E-02  1.138152E+06  4.023289E+05  3.358788E+04  4.234769E+04  3.628321E+03  2.176992E+03  1.191644E+05  1.399495E+03
8.035794E-02  1.118728E+06  4.035041E+05  3.348182E+04  4.599318E+04  3.545730E+03  1.924825E+03  1.126023E+05  1.367639E+03
8.222971E-02  1.100045E+06  3.830331E+05  3.281868E+04  4.494625E+04  3.118517E+03  1.188007E+03  1.091976E+05  1.287007E+03
8.414509E-02  1.075101E+06  3.783776E+05  3.260375E+04  4.073050E+04  2.950784E+03  1.983314E+03  1.064217E+05  1.886567E+03
8.610508E-02  1.053749E+06  3.753901E+05  3.578520E+04  4.245061E+04  3.167251E+03  1.749079E+03  1.083011E+05  1.229082E+03
8.811073E-02  1.014888E+06  3.607473E+05  3.737284E+04  3.917450E+04  3.141352E+03  1.940247E+03  1.025559E+05  1.154909E+03
9.016309E-02  1.002575E+06  3.551992E+05  3.304599E+04  3.932111E+04  2.573253E+03  1.670357E+03  1.024787E+05  1.489778E+03
9.226326E-02  9.760923E+05  3.410698E+05  3.304376E+04  3.970545E+04  2.558796E+03  1.632335E+03  1.031018E+05  1.632335E+03
9.441234E-02  9.515457E+05  3.393419E+05  3.186046E+04  3.875853E+04  3.061019E+03  1.508953E+03  9.851306E+04  1.681405E+03
9.661149E-02  9.313183E+05  3.304379E+05  2.860733E+04  3.821333E+04  2.190842E+03  1.390342E+03  9.837721E+04  1.685263E+03
9.886186E-02  9.231294E+05  3.302449E+05  2.816202E+04  3.775522E+04  2.799732E+03  1.811592E+03  9.547911E+04  1.235176E+03
1.011646E-01  8.842117E+05  3.268719E+05  2.852685E+04  3.745910E+04  2.333649E+03  1.448472E+03  9.559916E+04  1.287531E+03
1.035211E-01  8.808347E+05  3.095622E+05  2.956824E+04  3.605595E+04  2.870321E+03  1.061626E+03  9.538903E+04  1.218903E+03
1.059324E-01  8.404579E+05  3.107769E+05  2.843409E+04  3.581158E+04  2.766560E+03  1.729100E+03  8.983636E+04  1.075885E+03
1.083999E-01  8.289869E+05  3.070072E+05  2.887580E+04  3.413277E+04  2.252988E+03  1.689741E+03  9.293575E+04  1.351793E+03
1.109248E-01  8.147038E+05  2.985510E+05  2.785155E+04  3.471353E+04  2.568654E+03  1.687973E+03  8.792137E+04  1.174242E+03
1.135086E-01  7.934335E+05  2.966321E+05  2.617764E+04  3.478399E+04  2.510185E+03  1.577830E+03  8.939843E+04  1.111653E+03
1.161526E-01  7.650349E+05  2.905458E+05  2.792968E+04  2.968185E+04  2.768437E+03  1.401740E+03  8.764382E+04  1.366697E+03
1.188581E-01  7.554286E+05  2.794117E+05  2.698571E+04  3.588962E+04  2.499945E+03  1.267095E+03  8.674467E+04  1.095866E+03
1.216267E-01  7.359573E+05  2.786069E+05  2.473159E+04  3.229497E+04  2.275708E+03  1.204787E+03  8.654384E+04  9.705225E+02
1.244597E-01  7.104073E+05  2.772688E+05  2.583656E+04  3.290074E+04  1.766043E+03  1.046544E+03  8.542418E+04  8.176127E+02
1.273587E-01  7.067329E+05  2.623282E+05  2.473709E+04  3.167242E+04  2.013484E+03  1.310363E+03  8.184972E+04  1.022722E+03
1.303253E-01  7.028576E+05  2.550139E+05  2.379921E+04  3.082654E+04  2.248745E+03  1.186837E+03  7.895592E+04  9.682095E+02
1.333610E-01  6.701938E+05  2.572362E+05  2.658433E+04  3.046058E+04  2.075470E+03  1.159822E+03  8.002770E+04  1.098778E+03
1.364674E-01  6.661831E+05  2.539758E+05  2.404045E+04  2.776881E+04  2.415976E+03  1.312382E+03  7.752002E+04  1.103594E+03
1.396461E-01  6.427117E+05  2.404704E+05  2.358067E+04  2.757394E+04  1.719727E+03  1.457396E+03  7.861195E+04  1.049325E+03
1.428989E-01  6.374247E+05  2.440546E+05  2.372754E+04  2.717415E+04  2.392693E+03  9.969553E+02  7.497104E+04  7.975642E+02
1.462274E-01  6.172088E+05  2.377199E+05  2.218533E+04  2.844844E+04  1.920688E+03  1.002098E+03  7.173350E+04  9.464257E+02
1.496335E-01  6.030778E+05  2.341585E+05  2.200676E+04  2.793689E+04  2.366611E+03  1.060895E+03  7.132476E+04  8.160728E+02
1.531189E-01  5.824916E+05  2.325766E+05  2.235649E+04  2.687564E+04  2.259574E+03  1.036746E+03  7.267853E+04  8.240799E+02
1.566855E-01  5.776494E+05  2.307376E+05  2.099032E+04  2.636779E+04  1.818468E+03  7.533653E+02  7.312839E+04  7.793434E+02
1.603352E-01  5.670137E+05  2.245461E+05  2.109641E+04  2.683383E+04  1.853235E+03  6.854431E+02  7.181920E+04  1.015471E+03
1.640699E-01  5.416529E+05  2.168547E+05  2.078986E+04  2.537951E+04  1.984713E+03  9.923563E+02  6.864624E+04  6.946494E+02
1.678915E-01  5.346086E+05  2.122336E+05  2.012268E+04  2.533518E+04  1.842558E+03  1.066744E+03  6.730186E+04  9.212791E+02
1.718022E-01  5.232923E+05  2.078054E+05  2.009109E+04  2.442678E+04  1.658463E+03  9.713852E+02  6.780743E+04  9.476929E+02
1.758040E-01  5.141822E+05  2.060850E+05  1.861503E+04  2.440328E+04  1.597558E+03  9.261208E+02  6.628709E+04  9.029677E+02
1.798990E-01  5.044691E+05  2.023669E+05  1.984299E+04  2.568050E+04  1.742201E+03  1.176552E+03  6.215360E+04  9.729176E+02
1.840894E-01  4.884090E+05  2.005243E+05  1.877221E+04  2.447683E+04  1.171881E+03  8.623275E+02  6.471878E+04  8.623275E+02
1.883774E-01  4.745689E+05  1.972347E+05  1.923081E+04  2.238553E+04  1.879866E+03  6.698373E+02  6.510386E+04  9.723444E+02
1.927653E-01  4.666382E+05  1.908869E+05  1.801178E+04  2.381863E+04  1.604801E+03  1.076906E+03  6.043343E+04  7.812848E+02
1.972553E-01  4.524669E+05  1.857783E+05  1.828274E+04  2.290502E+04  1.465096E+03  8.254060E+02  6.089433E+04  8.254060E+02
2.018500E-01  4.468257E+05  1.852397E+05  1.792707E+04  2.198033E+04  1.633400E+03  1.008272E+03  6.100044E+04  7.662866E+02
2.065517E-01  4.368518E+05  1.789934E+05  1.734165E+04  2.297768E+04  1.655339E+03  8.473758E+02  5.679389E+04  6.108989E+02
2.113629E-01  4.254828E+05  1.741679E+05  1.731280E+04  2.118363E+04  1.463596E+03  9.051186E+02  5.650251E+04  8.858607E+02
2.162862E-01  4.173032E+05  1.716337E+05  1.740802E+04  2.117192E+04  1.317364E+03  7.715987E+02  5.634552E+04  6.210428E+02
2.213241E-01  4.098640E+05  1.697314E+05  1.706694E+04  2.059803E+04  1.379332E+03  9.011637E+02  5.647906E+04  9.379459E+02
2.264794E-01  3.993841E+05  1.674494E+05  1.666047E+04  2.052455E+04  1.725357E+03  9.165957E+02  5.645151E+04  6.470087E+02
2.317548E-01  3.889055E+05  1.670978E+05  1.577190E+04  2.074233E+04  1.703646E+03  8.430413E+02  5.367363E+04  6.849711E+02
2.371531E-01  3.818036E+05  1.629338E+05  1.572183E+04  2.033883E+04  1.373086E+03  7.895242E+02  5.209143E+04  6.350521E+02
2.426771E-01  3.714522E+05  1.590237E+05  1.603487E+04  1.995973E+04  1.593424E+03  8.218711E+02  5.103987E+04  7.212338E+02
2.483298E-01  3.588991E+05  1.586985E+05  1.629274E+04  1.940704E+04  1.589935E+03  6.720344E+02  5.182860E+04  6.228611E+02
2.541141E-01  3.537250E+05  1.537565E+05  1.556947E+04  1.859687E+04  1.425600E+03  9.450606E+02  5.095318E+04  7.688628E+02
2.600332E-01  3.475359E+05  1.524794E+05  1.469851E+04  1.823617E+04  1.252269E+03  4.852542E+02  5.049775E+04  5.322143E+02
2.660901E-01  3.417055E+05  1.476471E+05  1.497581E+04  1.809641E+04  1.300249E+03  7.036642E+02  4.919531E+04  6.730701E+02
2.722882E-01  3.292931E+05  1.460203E+05  1.435089E+04  1.843193E+04  1.255703E+03  8.520841E+02  4.705896E+04  5.830049E+02
2.786306E-01  3.237405E+05  1.428426E+05  1.371744E+04  1.736959E+04  1.504682E+03  7.742541E+02  4.836897E+04  5.843427E+02
2.851207E-01  3.149865E+05  1.398909E+05  1.409045E+04  1.700276E+04  1.113531E+03  7.994580E+02  4.703954E+04  7.280778E+02
2.917620E-01  3.119181E+05  1.373902E+05  1.439751E+04  1.699241E+04  1.143988E+03  8.091623E+02  4.638732E+04  6.836026E+02
2.985580E-01  3.034819E+05  1.357488E+05  1.337447E+04  1.616934E+04  1.158848E+03  8.043770E+02  4.488151E+04  6.271414E+02
3.055124E-01  2.970268E+05  1.314464E+05  1.292348E+04  1.744003E+04  1.145793E+03  6.661586E+02  4.520552E+04  6.928049E+02
3.126287E-01  2.893542E+05  1.299646E+05  1.344956E+04  1.648319E+04  1.093672E+03  6.249552E+02  4.478845E+04  5.077761E+02
3.199107E-01  2.805029E+05  1.294746E+05  1.327064E+04  1.584080E+04  1.259629E+03  6.234530E+02  4.319638E+04  5.343883E+02
3.273624E-01  2.721285E+05  1.268010E+05  1.315507E+04  1.477148E+04  1.056882E+03  5.222241E+02  4.292185E+04  5.097902E+02
3.349876E-01  2.673436E+05  1.230155E+05  1.302574E+04  1.526150E+04  1.069277E+03  5.467895E+02  4.234581E+04  8.019579E+02
3.427905E-01  2.616500E+05  1.220796E+05  1.233739E+04  1.442726E+04  1.056812E+03  6.768345E+02  4.229622E+04  3.799773E+02
3.507751E-01  2.580845E+05  1.206352E+05  1.283402E+04  1.509680E+04  1.021152E+03  4.293479E+02  4.070682E+04  4.061399E+02
3.589457E-01  2.490460E+05  1.192613E+05  1.223571E+04  1.496861E+04  1.054607E+03  5.216335E+02  3.998434E+04  5.443132E+02
3.673066E-01  2.460366E+05  1.154716E+05  1.179096E+04  1.447274E+04  8.422116E+02  6.205770E+02  3.869741E+04  4.211058E+02
3.758623E-01  2.380970E+05  1.139911E+05  1.193409E+04  1.485805E+04  1.115436E+03  6.172804E+02  3.810894E+04  4.548382E+02
3.846173E-01  2.333757E+05  1.134177E+05  1.154602E+04  1.392719E+04  1.100629E+03  5.503145E+02  3.802462E+04  4.444848E+02
3.935762E-01  2.273188E+05  1.102362E+05  1.112807E+04  1.320683E+04  1.034207E+03  4.343671E+02  3.863799E+04  4.343671E+02
4.027437E-01  2.197087E+05  1.072317E+05  1.129925E+04  1.340143E+04  1.101626E+03  5.053330E+02  3.744517E+04  5.659729E+02
4.121248E-01  2.198137E+05  1.068747E+05  1.045932E+04  1.318527E+04  1.046920E+03  6.024728E+02  3.514096E+04  3.753109E+02
4.217245E-01  2.137677E+05  1.044709E+05  1.028880E+04  1.261488E+04  9.072678E+02  4.922410E+02  3.545101E+04  4.343303E+02
4.315477E-01  2.079869E+05  1.027908E+05  1.010176E+04  1.349731E+04  8.771837E+02  4.904683E+02  3.395550E+04  3.489871E+02
4.415997E-01  2.025889E+05  1.009119E+05  1.018521E+04  1.283981E+04  8.756514E+02  4.147822E+02  3.418727E+04  4.147822E+02
4.518859E-01  1.998600E+05  1.001281E+05  9.710160E+03  1.252052E+04  9.277797E+02  3.783179E+02  3.427380E+04  3.963331E+02
4.624117E-01  1.948000E+05  9.816584E+04  1.014932E+04  1.223552E+04  9.242659E+02  4.489291E+02  3.388095E+04  3.256937E+02
4.731826E-01  1.885594E+05  9.474421E+04  9.634422E+03  1.236991E+04  9.032270E+02  4.387103E+02  3.210327E+04  4.645168E+02
4.842045E-01  1.857720E+05  9.405028E+04  9.608462E+03  1.143264E+04  8.574480E+02  5.716320E+02  3.173398E+04  4.119113E+02
4.954830E-01  1.804425E+05  9.205730E+04  9.488326E+03  1.123812E+04  8.790051E+02  4.107501E+02  3.178384E+04  4.271801E+02
5.070243E-01  1.758294E+05  9.120616E+04  9.400794E+03  1.146399E+04  7.064644E+02  4.174563E+02  3.070712E+04  4.094282E+02
5.188344E-01  1.740629E+05  8.913790E+04  9.375092E+03  1.128149E+04  7.845265E+02  4.707159E+02  3.039256E+04  3.922633E+02
5.309196E-01  1.680077E+05  8.609687E+04  9.399356E+03  1.066436E+04  7.896686E+02  5.213346E+02  3.045207E+04  4.063343E+02
5.432863E-01  1.665060E+05  8.586027E+04  8.615996E+03  1.101349E+04  8.466152E+02  3.970850E+02  3.047815E+04  3.895928E+02
5.559411E-01  1.629428E+05  8.414746E+04  8.485766E+03  1.082869E+04  8.200223E+02  4.392976E+02  2.964527E+04  3.148300E+02
5.688906E-01  1.561214E+05  8.213902E+04  8.564495E+03  1.073245E+04  6.868768E+02  4.149881E+02  2.831220E+04  4.221430E+02
5.821418E-01  1.545114E+05  8.185651E+04  8.810046E+03  1.013155E+04  7.481547E+02  4.195260E+02  2.781457E+04  4.125339E+02
5.957016E-01  1.512881E+05  8.089518E+04  8.192695E+03  1.048856E+04  7.516234E+02  3.963105E+02  2.856852E+04  2.869835E+02
6.095773E-01  1.481382E+05  7.754469E+04  8.119723E+03  1.006285E+04  6.209985E+02  5.208375E+02  2.737735E+04  3.205154E+02
6.237762E-01  1.434024E+05  7.726082E+04  8.117607E+03  9.977348E+03  6.982186E+02  3.784736E+02  2.633654E+04  3.262704E+02
6.383058E-01  1.384674E+05  7.686680E+04  7.964712E+03  9.788497E+03  7.524708E+02  2.933361E+02  2.680199E+04  3.634816E+02
6.531738E-01  1.386120E+05  7.634475E+04  7.478059E+03  9.353805E+03  6.418667E+02  3.739029E+02  2.542540E+04  3.240492E+02
6.683882E-01  1.323388E+05  7.349248E+04  7.326107E+03  9.695064E+03  6.577054E+02  3.593020E+02  2.523640E+04  4.080209E+02
6.839570E-01  1.291658E+05  7.193862E+04  7.308125E+03  9.022083E+03  5.772705E+02  4.880019E+02  2.569746E+04  2.559034E+02
6.998884E-01  1.280692E+05  7.049883E+04  7.455824E+03  9.159846E+03  6.746299E+02  3.838412E+02  2.473449E+04  2.384468E+02
7.161909E-01  1.250971E+05  7.049680E+04  7.036039E+03  9.354864E+03  5.967562E+02  4.092042E+02  2.474549E+04  3.012198E+02
7.328731E-01  1.208222E+05  6.920312E+04  6.881434E+03  8.853112E+03  6.553746E+02  3.332413E+02  2.413778E+04  2.665931E+02
7.499439E-01  1.207532E+05  6.889249E+04  7.327256E+03  8.776425E+03  5.536149E+02  3.202282E+02  2.330610E+04  2.659523E+02
7.674123E-01  1.158617E+05  6.825782E+04  6.879353E+03  8.470568E+03  6.789184E+02  3.818916E+02  2.284454E+04  2.280742E+02
7.852877E-01  1.130792E+05  6.622722E+04  6.712393E+03  8.568020E+03  5.960813E+02  3.835653E+02  2.216904E+04  2.954490E+02
8.035794E-01  1.118475E+05  6.463866E+04  6.443098E+03  7.896847E+03  6.230354E+02  3.089850E+02  2.217601E+04  2.836584E+02
8.222971E-01  1.083116E+05  6.372666E+04  6.281585E+03  8.088345E+03  4.950028E+02  3.465019E+02  2.227512E+04  2.722515E+02
8.414509E-01  1.067168E+05  6.252276E+04  6.559448E+03  7.826834E+03  5.127592E+02  2.805664E+02  2.157942E+04  3.047531E+02
8.610508E-01  1.035455E+05  6.084903E+04  6.452682E+03  8.334124E+03  6.665408E+02  3.923609E+02  2.093694E+04  2.221803E+02
8.811073E-01  1.005048E+05  6.111315E+04  6.236507E+03  7.682452E+03  5.451169E+02  2.633192E+02  2.034025E+04  2.540799E+02
9.016309E-01  9.886709E+04  5.884623E+04  6.090032E+03  7.841650E+03  5.146506E+02  2.889266E+02  1.996303E+04  2.347529E+02
9.226326E-01  9.792247E+04  5.933318E+04  6.048464E+03  7.548447E+03  5.867583E+02  3.176436E+02  2.011743E+04  2.249976E+02
9.441234E-01  9.501229E+04  5.609424E+04  5.928029E+03  7.385246E+03  4.871762E+02  2.845454E+02  1.945256E+04  2.457437E+02
9.661149E-01  9.355315E+04  5.651529E+04  5.944764E+03  6.867446E+03  4.465946E+02  2.907078E+02  1.898027E+04  1.853789E+02
9.886186E-01  8.931558E+04  5.571879E+04  5.615934E+03  6.896400E+03  5.434775E+02  2.758560E+02  1.902995E+04  2.264490E+02
1.011646E+00  8.816769E+04  5.442634E+04  5.624900E+03  6.783678E+03  5.391535E+02  3.420003E+02  1.814211E+04  2.373885E+02
1.035211E+00  8.582260E+04  5.340763E+04  5.355311E+03  6.951682E+03  4.993572E+02  3.224196E+02  1.827569E+04  1.730057E+02
1.059324E+00  8.493724E+04  5.328702E+04  5.510066E+03  6.720436E+03  4.995178E+02  2.651287E+02  1.856669E+04  2.497589E+02
1.083999E+00  8.274849E+04  5.037306E+04  5.437211E+03  6.717659E+03  4.543526E+02  2.403187E+02  1.773477E+04  2.215438E+02
1.109248E+00  8.018238E+04  5.147583E+04  5.137309E+03  6.271186E+03  4.843748E+02  2.238399E+02  1.747786E+04  2.311789E+02
1.135086E+00  7.895248E+04  4.945781E+04  5.138707E+03  6.429659E+03  4.446613E+02  2.581904E+02  1.661025E+04  2.008148E+02
1.161526E+00  7.604793E+04  4.851424E+04  4.976179E+03  6.139623E+03  4.660787E+02  2.663307E+02  1.667020E+04  2.312872E+02
1.188581E+00  7.449152E+04  4.798525E+04  5.160846E+03  6.143701E+03  4.349220E+02  2.225979E+02  1.631471E+04  2.328716E+02
1.216267E+00  7.306027E+04  4.656500E+04  4.855959E+03  5.980427E+03  4.451017E+02  2.275708E+02  1.599020E+04  1.974511E+02
1.244597E+00  7.156073E+04  4.555411E+04  4.869701E+03  5.932598E+03  3.924541E+02  2.616361E+02  1.596634E+04  2.060384E+02
1.273587E+00  6.998295E+04  4.553670E+04  4.781225E+03  5.724047E+03  3.931088E+02  1.821724E+02  1.545908E+04  1.885644E+02
1.303253E+00  6.761538E+04  4.447205E+04  4.688008E+03  5.515671E+03  4.185163E+02  2.467372E+02  1.489793E+04  1.655326E+02
1.333610E+00  6.676605E+04  4.434792E+04  4.550774E+03  5.353493E+03  4.028854E+02  2.807989E+02  1.458628E+04  1.861819E+02
1.364674E+00  6.535663E+04  4.294174E+04  4.438238E+03  5.592537E+03  4.324896E+02  1.789612E+02  1.472552E+04  1.879093E+02
1.396461E+00  6.386893E+04  4.229655E+04  4.526673E+03  5.517702E+03  4.080709E+02  2.098651E+02  1.433786E+04  2.040355E+02
1.428989E+00  6.178844E+04  4.126255E+04  4.093213E+03  5.289560E+03  3.959337E+02  2.079364E+02  1.406277E+04  1.993911E+02
1.462274E+00  6.108343E+04  4.066569E+04  4.236647E+03  5.291633E+03  3.646523E+02  2.449572E+02  1.404050E+04  2.059868E+02
1.496335E+00  5.882796E+04  4.017254E+04  4.110286E+03  5.133098E+03  4.080364E+02  2.094587E+02  1.358489E+04  1.686550E+02
1.531189E+00  5.896425E+04  3.928203E+04  4.069891E+03  5.072079E+03  3.030487E+02  1.993742E+02  1.316667E+04  1.462077E+02
1.566855E+00  5.717783E+04  3.892301E+04  3.940880E+03  4.894277E+03  3.169330E+02  1.844446E+02  1.315791E+04  1.610643E+02
1.603352E+00  5.529495E+04  3.838227E+04  3.932412E+03  4.937729E+03  3.706470E+02  2.132490E+02  1.267816E+04  1.675527E+02
1.640699E+00  5.389735E+04  3.777652E+04  3.887556E+03  4.629342E+03  3.498056E+02  1.959904E+02  1.248384E+04  1.215636E+02
1.678915E+00  5.377846E+04  3.625233E+04  3.702087E+03  4.446384E+03  3.103256E+02  1.866802E+02  1.216331E+04  1.648605E+02
1.718022E+00  5.197148E+04  3.562378E+04  3.861848E+03  4.527603E+03  3.672310E+02  1.800616E+02  1.197410E+04  1.753232E+02
1.758040E+00  5.073289E+04  3.525742E+04  3.470638E+03  4.533361E+03  3.171964E+02  1.782782E+02  1.197706E+04  1.551252E+02
1.798990E+00  4.968668E+04  3.464266E+04  3.622421E+03  4.312514E+03  2.918753E+02  1.583819E+02  1.173610E+04  1.583819E+02
1.840894E+00  4.824833E+04  3.455943E+04  3.447099E+03  4.355859E+03  3.051313E+02  1.614100E+02  1.146011E+04  1.392991E+02
1.883774E+00  4.664012E+04  3.361503E+04  3.580388E+03  4.213493E+03  3.154718E+02  1.923081E+02  1.113442E+04  1.534143E+02
1.927653E+00  4.638509E+04  3.287731E+04  3.372194E+03  4.056346E+03  2.766170E+02  1.731496E+02  1.084508E+04  1.224717E+02
1.972553E+00  4.507336E+04  3.230226E+04  3.270671E+03  3.999092E+03  2.992097E+02  1.733353E+02  1.076948E+04  1.568271E+02
2.018500E+00  4.433573E+04  3.179484E+04  3.087328E+03  3.992756E+03  2.641672E+02  1.935882E+02  1.070986E+04  1.431746E+02
2.065517E+00  4.306837E+04  3.109869E+04  3.438769E+03  4.045727E+03  2.463302E+02  1.537100E+02  1.035572E+04  1.241504E+02
2.113629E+00  4.206876E+04  3.083566E+04  3.133251E+03  3.890084E+03  2.310941E+02  1.733206E+02  1.011422E+04  1.540627E+02
2.162862E+00  4.092484E+04  3.004906E+04  3.073221E+03  3.822236E+03  2.841742E+02  1.486739E+02  1.008536E+04  1.543197E+02
2.213241E+00  4.021397E+04  2.953242E+04  3.052922E+03  3.737071E+03  2.813838E+02  1.728763E+02  9.721534E+03  1.213812E+02
2.264794E+00  3.872167E+04  2.915853E+04  2.974443E+03  3.817351E+03  2.318448E+02  1.563604E+02  9.534392E+03  1.150238E+02
2.317548E+00  3.831623E+04  2.881972E+04  2.924300E+03  3.591707E+03  2.704758E+02  1.475322E+02  9.261160E+03  1.282125E+02
2.371531E+00  3.698578E+04  2.780670E+04  2.813109E+03  3.475623E+03  2.557372E+02  1.373086E+02  9.077812E+03  9.783235E+01
2.426771E+00  3.611536E+04  2.757629E+04  2.836294E+03  3.425022E+03  2.381749E+02  1.308285E+02  8.887949E+03  1.056691E+02
2.483298E+00  3.517198E+04  2.760422E+04  2.670107E+03  3.507692E+03  2.343925E+02  1.278504E+02  8.734808E+03  1.229331E+02
2.541141E+00  3.467251E+04  2.662828E+04  2.697427E+03  3.264463E+03  2.258535E+02  1.233384E+02  8.624078E+03  1.105240E+02
2.600332E+00  3.373926E+04  2.598928E+04  2.509234E+03  3.190155E+03  2.582805E+02  1.518376E+02  8.626568E+03  1.174002E+02
2.660901E+00  3.343782E+04  2.558890E+04  2.551548E+03  3.164959E+03  2.233369E+02  1.483814E+02  8.240520E+03  1.162576E+02
2.722882E+00  3.197408E+04  2.509762E+04  2.595119E+03  3.214002E+03  2.451610E+02  1.450038E+02  8.200936E+03  9.417772E+01
2.786306E+00  3.162609E+04  2.441238E+04  2.528743E+03  3.193433E+03  2.322762E+02  1.387814E+02  8.192485E+03  1.007991E+02
2.851207E+00  3.110034E+04  2.372392E+04  2.415505E+03  3.066492E+03  1.841609E+02  1.099255E+02  7.827550E+03  1.013599E+02
2.917620E+00  3.021663E+04  2.384657E+04  2.407955E+03  3.173869E+03  2.162416E+02  1.311401E+02  7.430342E+03  9.765751E+01
2.985580E+00  2.948928E+04  2.281568E+04  2.306790E+03  2.951655E+03  2.072293E+02  9.543456E+01  7.558417E+03  1.090681E+02
3.055124E+00  2.859153E+04  2.286922E+04  2.284924E+03  2.863150E+03  1.585457E+02  1.065854E+02  7.382369E+03  9.592684E+01
3.126287E+00  2.834432E+04  2.215206E+04  2.244631E+03  2.768031E+03  1.966005E+02  1.132731E+02  7.390095E+03  9.895123E+01
3.199107E+00  2.731742E+04  2.161855E+04  2.299142E+03  2.675758E+03  1.794018E+02  1.272353E+02  6.955954E+03  7.379648E+01
3.273624E+00  2.680875E+04  2.119235E+04  2.159770E+03  2.555168E+03  2.026727E+02  1.032014E+02  6.920713E+03  7.709023E+01
3.349876E+00  2.624589E+04  2.122394E+04  2.128834E+03  2.517662E+03  1.931989E+02  1.069277E+02  6.686628E+03  8.262596E+01
3.427905E+00  2.583370E+04  2.068264E+04  2.093437E+03  2.613531E+03  1.923635E+02  1.092435E+02  6.555795E+03  7.718288E+01
3.507751E+00  2.531296E+04  2.020256E+04  2.044624E+03  2.527351E+03  2.065512E+02  1.079172E+02  6.519126E+03  1.021152E+02
3.589457E+00  2.454626E+04  1.970527E+04  1.994681E+03  2.376834E+03  1.689639E+02  1.009247E+02  6.486399E+03  8.618292E+01
3.673066E+00  2.405068E+04  1.988949E+04  1.981414E+03  2.447954E+03  1.717668E+02  8.643751E+01  6.292207E+03  8.643751E+01
3.758623E+00  2.338410E+04  1.903389E+04  1.922233E+03  2.370573E+03  1.841012E+02  1.115436E+02  6.112159E+03  9.205058E+01
3.846173E+00  2.264227E+04  1.893399E+04  1.861545E+03  2.409743E+03  1.693275E+02  8.995526E+01  5.891540E+03  5.714805E+01
3.935762E+00  2.215582E+04  1.846784E+04  1.834684E+03  2.263880E+03  1.447890E+02  6.722348E+01  5.889811E+03  8.894183E+01
4.027437E+00  2.212550E+04  1.807576E+04  1.807071E+03  2.185060E+03  1.475572E+02  9.095993E+01  5.658719E+03  6.569329E+01
4.121248E+00  2.108161E+04  1.778678E+04  1.849888E+03  2.199520E+03  1.412354E+02  8.691411E+01  5.619787E+03  7.506219E+01
4.217245E+00  2.050908E+04  1.758169E+04  1.721878E+03  2.189025E+03  1.573241E+02  7.624910E+01  5.519856E+03  6.370178E+01
4.315477E+00  2.023748E+04  1.705887E+04  1.678911E+03  2.105241E+03  1.594022E+02  8.111592E+01  5.400811E+03  6.791100E+01
4.415997E+00  1.979249E+04  1.699225E+04  1.650833E+03  2.096033E+03  1.548520E+02  8.664340E+01  5.256673E+03  5.991299E+01
4.518859E+00  1.941311E+04  1.646404E+04  1.683515E+03  1.989772E+03  1.513272E+02  8.467115E+01  5.205474E+03  6.215223E+01
4.624117E+00  1.917720E+04  1.597043E+04  1.563330E+03  1.903988E+03  1.170737E+02  8.098330E+01  5.156523E+03  7.042026E+01
4.731826E+00  1.837422E+04  1.581077E+04  1.499357E+03  1.888175E+03  1.462368E+02  8.172054E+01  4.987534E+03  5.763449E+01
4.842045E+00  1.806693E+04  1.534328E+04  1.611498E+03  1.935983E+03  1.269359E+02  6.388828E+01  4.875685E+03  5.548193E+01
4.954830E+00  1.766307E+04  1.515832E+04  1.467199E+03  1.875485E+03  1.347260E+02  6.982751E+01  4.718697E+03  5.586201E+01
5.070243E+00  1.702660E+04  1.482532E+04  1.480364E+03  1.877750E+03  1.372789E+02  7.787165E+01  4.662665E+03  6.582964E+01
5.188344E+00  1.698343E+04  1.449491E+04  1.422347E+03  1.754201E+03  1.192480E+02  6.903833E+01  4.516519E+03  5.570138E+01
5.309196E+00  1.642587E+04  1.414197E+04  1.387670E+03  1.764104E+03  1.150003E+02  6.823350E+01  4.409111E+03  5.290013E+01
5.432863E+00  1.619283E+04  1.397065E+04  1.441494E+03  1.687237E+03  1.318622E+02  7.267405E+01  4.339465E+03  4.794989E+01
5.559411E+00  1.569757E+04  1.381079E+04  1.388913E+03  1.648098E+03  1.171460E+02  7.028762E+01  4.327082E+03  5.710869E+01
5.688906E+00  1.557135E+04  1.338480E+04  1.300773E+03  1.627039E+03  1.266429E+02  6.224821E+01  4.169915E+03  4.579179E+01
5.821418E+00  1.486171E+04  1.319899E+04  1.235504E+03  1.547352E+03  1.237602E+02  5.383917E+01  4.101566E+03  4.614786E+01
5.957016E+00  1.457876E+04  1.292792E+04  1.310558E+03  1.580459E+03  9.292799E+01  6.354634E+01  4.067649E+03  5.534682E+01
6.095773E+00  1.425425E+04  1.272045E+04  1.180565E+03  1.543148E+03  1.061707E+02  5.408697E+01  3.963039E+03  6.009663E+01
6.237762E+00  1.380907E+04  1.245766E+04  1.213073E+03  1.540649E+03  9.983873E+01  6.916932E+01  3.880660E+03  4.241515E+01
6.383058E+00  1.354958E+04  1.199107E+04  1.180996E+03  1.497927E+03  1.064937E+02  6.759483E+01  3.723455E+03  4.272503E+01
6.531738E+00  1.319005E+04  1.191878E+04  1.207083E+03  1.416469E+03  1.059392E+02  5.857813E+01  3.727812E+03  4.611470E+01
6.683882E+00  1.304449E+04  1.174065E+04  1.095567E+03  1.429900E+03  9.743783E+01  6.211662E+01  3.597283E+03  4.262905E+01
6.839570E+00  1.261306E+04  1.124547E+04  1.130736E+03  1.375927E+03  9.641012E+01  4.641969E+01  3.472550E+03  5.177581E+01
6.998884E+00  1.241377E+04  1.108778E+04  1.083479E+03  1.353331E+03  9.828660E+01  4.943409E+01  3.408626E+03  4.129201E+01
7.161909E+00  1.210335E+04  1.102464E+04  1.111672E+03  1.353216E+03  1.034377E+02  5.683392E+01  3.368547E+03  4.660382E+01
7.328731E+00  1.176786E+04  1.068816E+04  1.030827E+03  1.315192E+03  8.664275E+01  4.720919E+01  3.382400E+03  3.721195E+01
7.499439E+00  1.145386E+04  1.043836E+04  1.008448E+03  1.259203E+03  9.172640E+01  4.884838E+01  3.189256E+03  4.667734E+01
7.674123E+00  1.124406E+04  1.038268E+04  1.021560E+03  1.228948E+03  8.274318E+01  4.932767E+01  3.151667E+03  4.508443E+01
7.852877E+00  1.106016E+04  1.001468E+04  9.630600E+02  1.262137E+03  8.759803E+01  4.820483E+01  3.088219E+03  4.353985E+01
8.035794E+00  1.061744E+04  1.001618E+04  9.897652E+02  1.220744E+03  7.547340E+01  4.913369E+01  3.024001E+03  3.798996E+01
8.222971E+00  1.031833E+04  9.727299E+03  9.306052E+02  1.153851E+03  7.771543E+01  4.356024E+01  2.907646E+03  4.158023E+01
8.414509E+00  1.024358E+04  9.422677E+03  9.215154E+02  1.118396E+03  8.416991E+01  4.111749E+01  2.924179E+03  3.289399E+01
8.610508E+00  1.011818E+04  9.389716E+03  9.307935E+02  1.096247E+03  8.225397E+01  4.869057E+01  2.772526E+03  3.025433E+01
8.811073E+00  9.634248E+03  9.089131E+03  8.874318E+02  1.076837E+03  8.038164E+01  3.603315E+01  2.711264E+03  3.557119E+01
9.016309E+00  9.545866E+03  8.928736E+03  8.731002E+02  1.092955E+03  8.622655E+01  5.281940E+01  2.721779E+03  3.566438E+01
9.226326E+00  9.260635E+03  8.650935E+03  8.294028E+02  1.014695E+03  7.323450E+01  3.529373E+01  2.647912E+03  3.926428E+01
9.441234E+00  9.105453E+03  8.347096E+03  8.247505E+02  1.022639E+03  7.415425E+01  3.837052E+01  2.582896E+03  3.362809E+01
9.661149E+00  8.851842E+03  8.379548E+03  8.055556E+02  9.871426E+02  6.572525E+01  4.465946E+01  2.497559E+03  4.002499E+01
9.886186E+00  8.700580E+03  8.165337E+03  7.958651E+02  9.852588E+02  6.834641E+01  4.323116E+01  2.501643E+03  2.923250E+01
1.011646E+01  8.407173E+03  8.022523E+03  7.664831E+02  9.390927E+02  6.397418E+01  4.264946E+01  2.416132E+03  2.534826E+01
1.035211E+01  8.239394E+03  7.765988E+03  7.466767E+02  9.475992E+02  6.173156E+01  3.931947E+01  2.313164E+03  2.437807E+01
1.059324E+01  8.072592E+03  7.578069E+03  7.419761E+02  9.029745E+02  7.608040E+01  4.572509E+01  2.275111E+03  2.497589E+01
1.083999E+01  7.901229E+03  7.559901E+03  7.438615E+02  8.696534E+02  6.496115E+01  3.867629E+01  2.223324E+03  2.666036E+01
1.109248E+01  7.664865E+03  7.279933E+03  7.184893E+02  8.593983E+02  6.421636E+01  3.449336E+01  2.181521E+03  2.531959E+01
1.135086E+01  7.542388E+03  7.128924E+03  6.734467E+02  8.667309E+02  5.773425E+01  3.765277E+01  2.153738E+03  2.617764E+01
1.161526E+01  7.220365E+03  7.052857E+03  6.984172E+02  8.123086E+02  5.536875E+01  3.259047E+01  2.081585E+03  2.418002E+01
1.188581E+01  7.090940E+03  6.939231E+03  6.828617E+02  8.383378E+02  5.958773E+01  3.321845E+01  2.017422E+03  2.534191E+01
1.216267E+01  6.999810E+03  6.715012E+03  6.412142E+02  8.112230E+02  5.521939E+01  3.011966E+01  2.044121E+03  2.242242E+01
1.244597E+01  6.858135E+03  6.572625E+03  6.573606E+02  7.600528E+02  5.788698E+01  3.205042E+01  1.942648E+03  2.354725E+01
1.273587E+01  6.680292E+03  6.399683E+03  6.580577E+02  7.427519E+02  5.305370E+01  2.588765E+01  1.934543E+03  2.428965E+01
1.303253E+01  6.536663E+03  6.290863E+03  5.940433E+02  7.573897E+02  5.059675E+01  3.060791E+01  1.861148E+03  2.592303E+01
1.333610E+01  6.317366E+03  6.162010E+03  5.805213E+02  7.453380E+02  4.975025E+01  3.143727E+01  1.847779E+03  1.983905E+01
1.364674E+01  6.139264E+03  6.035765E+03  5.580607E+02  6.994400E+02  5.517970E+01  3.072167E+01  1.776488E+03  2.415976E+01
1.396461E+01  6.005347E+03  5.921401E+03  5.893710E+02  6.945950E+02  4.809407E+01  2.856497E+01  1.794638E+03  1.544840E+01
1.428989E+01  5.939290E+03  5.855261E+03  5.488951E+02  6.836265E+02  4.956292E+01  2.876928E+01  1.719321E+03  2.164817E+01
1.462274E+01  5.728659E+03  5.595046E+03  5.664636E+02  6.382807E+02  4.899145E+01  2.811441E+01  1.660977E+03  2.199048E+01
1.496335E+01  5.650216E+03  5.424436E+03  4.871954E+02  6.427933E+02  5.277270E+01  2.638635E+01  1.637314E+03  1.931372E+01
1.531189E+01  5.542070E+03  5.434940E+03  5.162462E+02  6.379973E+02  4.758397E+01  1.860826E+01  1.608019E+03  2.232991E+01
1.566855E+01  5.375132E+03  5.294859E+03  5.200818E+02  6.377627E+02  5.143667E+01  2.364008E+01  1.546997E+03  2.182162E+01
1.603352E+01  5.281466E+03  5.197182E+03  4.843798E+02  6.120753E+02  4.442687E+01  2.437131E+01  1.517114E+03  1.827848E+01
1.640699E+01  5.150081E+03  5.070444E+03  4.656632E+02  5.773033E+02  3.671718E+01  2.902642E+01  1.459012E+03  1.662197E+01
1.678915E+01  5.012001E+03  4.945814E+03  4.860959E+02  5.724053E+02  4.412442E+01  2.351686E+01  1.443014E+03  2.012268E+01
1.718022E+01  4.872089E+03  4.881566E+03  4.539449E+02  5.806988E+02  3.719695E+01  1.919078E+01  1.446890E+03  1.634770E+01
1.758040E+01  4.739654E+03  4.738960E+03  4.473163E+02  5.508103E+02  4.306461E+01  1.898548E+01  1.376678E+03  1.713323E+01
1.798990E+01  4.704396E+03  4.620454E+03  4.249161E+02  5.470965E+02  3.688037E+01  2.262599E+01  1.372266E+03  1.787453E+01
1.840894E+01  4.564587E+03  4.497591E+03  4.125905E+02  5.368541E+02  4.024195E+01  1.989987E+01  1.318698E+03  1.591989E+01
1.883774E+01  4.446855E+03  4.410770E+03  4.258869E+02  5.118853E+02  4.040631E+01  1.987904E+01  1.279173E+03  1.620574E+01
1.927653E+01  4.381741E+03  4.332963E+03  4.149256E+02  5.008669E+02  4.265392E+01  2.618360E+01  1.234430E+03  1.583685E+01
1.972553E+01  4.259714E+03  4.232682E+03  3.825757E+02  5.006087E+02  3.549246E+01  1.795258E+01  1.223252E+03  1.196839E+01
2.018500E+01  4.172027E+03  4.158315E+03  3.934277E+02  4.674348E+02  3.468455E+01  1.935882E+01  1.174838E+03  1.714062E+01
2.065517E+01  4.052230E+03  4.107802E+03  3.734366E+02  4.682244E+02  3.231852E+01  1.694752E+01  1.168393E+03  1.399155E+01
2.113629E+01  3.950939E+03  3.959798E+03  3.633955E+02  4.556405E+02  3.524185E+01  1.482854E+01  1.150463E+03  1.521370E+01
2.162862E+01  3.869662E+03  3.896762E+03  3.630278E+02  4.458335E+02  3.274590E+01  1.787851E+01  1.107150E+03  1.392642E+01
2.213241E+01  3.778635E+03  3.757853E+03  3.549482E+02  4.538923E+02  3.549482E+01  1.857501E+01  1.083603E+03  1.085075E+01
2.264794E+01  3.717604E+03  3.673212E+03  3.450713E+02  4.367309E+02  3.468686E+01  1.689412E+01  1.065947E+03  1.437797E+01
2.317548E+01  3.637372E+03  3.635264E+03  3.430124E+02  4.046598E+02  2.687194E+01  1.756336E+01  1.020958E+03  1.317252E+01
2.371531E+01  3.520248E+03  3.521278E+03  3.285107E+02  4.146718E+02  2.934970E+01  1.682030E+01  1.019859E+03  1.304431E+01
2.426771E+01  3.420158E+03  3.452865E+03  3.292516E+02  4.111033E+02  2.650115E+01  1.626969E+01  9.745043E+02  1.123783E+01
2.483298E+01  3.340175E+03  3.416065E+03  3.204457E+02  3.850265E+02  2.688137E+01  1.294895E+01  9.582227E+02  1.557153E+01
2.541141E+01  3.277758E+03  3.332540E+03  3.049823E+02  3.950033E+02  2.242517E+01  1.665869E+01  9.367312E+02  1.201348E+01
2.600332E+01  3.209878E+03  3.218644E+03  3.021099E+02  3.717673E+02  3.052406E+01  1.236616E+01  8.916155E+02  1.048775E+01
2.660901E+01  3.109737E+03  3.157464E+03  2.978335E+02  3.810495E+02  2.569904E+01  1.407328E+01  8.936535E+02  9.178229E+00
2.722882E+01  3.024600E+03  3.071240E+03  2.838786E+02  3.502514E+02  2.541304E+01  1.405191E+01  9.008174E+02  6.876468E+00
2.786306E+01  2.961157E+03  3.031424E+03  2.952391E+02  3.381883E+02  2.468848E+01  1.387814E+01  8.497804E+02  1.197903E+01
2.851207E+01  2.930585E+03  2.907600E+03  2.719585E+02  3.473359E+02  2.641067E+01  1.384775E+01  8.165892E+02  1.013599E+01
2.917620E+01  2.834021E+03  2.851041E+03  2.713484E+02  3.226883E+02  2.260074E+01  1.213743E+01  8.154402E+02  9.207708E+00
2.985580E+01  2.816410E+03  2.811229E+03  2.608090E+02  3.169791E+02  2.167728E+01  9.816126E+00  7.998779E+02  8.725445E+00
3.055124E+01  2.699008E+03  2.749769E+03  2.488768E+02  3.214881E+02  2.451464E+01  1.092500E+01  7.520930E+02  9.459452E+00
3.126287E+01  2.614005E+03  2.698504E+03  2.433419E+02  3.141702E+02  2.057144E+01  1.145751E+01  7.440872E+02  1.158771E+01
3.199107E+01  2.550304E+03  2.637842E+03  2.545978E+02  2.921323E+02  2.150277E+01  1.081500E+01  7.274042E+02  7.379648E+00
3.273624E+01  2.546091E+03  2.566607E+03  2.333844E+02  2.823740E+02  1.939690E+01  1.268259E+01  7.098518E+02  8.952413E+00
3.349876E+01  2.455692E+03  2.501380E+03  2.328108E+02  2.953878E+02  1.883386E+01  9.356175E+00  6.944226E+02  9.234667E+00
3.427905E+01  2.421761E+03  2.448003E+03  2.169433E+02  2.752460E+02  1.947383E+01  1.139932E+01  6.756471E+02  7.124574E+00
3.507751E+01  2.351202E+03  2.418273E+03  2.227968E+02  2.714175E+02  1.972680E+01  1.230024E+01  6.631685E+02  9.051118E+00
3.589457E+01  2.284528E+03  2.321042E+03  2.095606E+02  2.693216E+02  2.052514E+01  8.618292E+00  6.393412E+02  8.618292E+00
3.673066E+01  2.253359E+03  2.293918E+03  2.157613E+02  2.648534E+02  1.906058E+01  8.643751E+00  6.209094E+02  7.092308E+00
3.758623E+01  2.173044E+03  2.234555E+03  1.993707E+02  2.537347E+02  1.905989E+01  1.072119E+01  6.010362E+02  7.905521E+00
3.846173E+01  2.131516E+03  2.187183E+03  1.934567E+02  2.361061E+02  1.862603E+01  8.466377E+00  5.852383E+02  7.619739E+00
3.935762E+01  2.089202E+03  2.105956E+03  2.011533E+02  2.451071E+02  1.851231E+01  8.894183E+00  5.819485E+02  7.239452E+00
4.027437E+01  2.041444E+03  2.063679E+03  1.891967E+02  2.264902E+02  1.708025E+01  8.691727E+00  5.405041E+02  5.356529E+00
4.121248E+01  2.004654E+03  2.020457E+03  1.821246E+02  2.264705E+02  1.718529E+01  1.017290E+01  5.247439E+02  6.123494E+00
4.217245E+01  1.947441E+03  1.990005E+03  1.824187E+02  2.206398E+02  1.515330E+01  1.032741E+01  5.246710E+02  7.238839E+00
4.315477E+01  1.899150E+03  1.927729E+03  1.808130E+02  2.173152E+02  1.669479E+01  9.337762E+00  5.128224E+02  6.696779E+00
4.415997E+01  1.863110E+03  1.884217E+03  1.712590E+02  2.061929E+02  1.548520E+01  8.203471E+00  4.935908E+02  6.083473E+00
4.518859E+01  1.800343E+03  1.842679E+03  1.674507E+02  1.994276E+02  1.567317E+01  8.917494E+00  4.779416E+02  6.665601E+00
4.624117E+01  1.753905E+03  1.801526E+03  1.637271E+02  1.944479E+02  1.381998E+01  7.746228E+00  4.684708E+02  6.249798E+00
4.731826E+01  1.706239E+03  1.744518E+03  1.533766E+02  1.891615E+02  1.445163E+01  8.000011E+00  4.529038E+02  5.075276E+00
4.842045E+01  1.666307E+03  1.710525E+03  1.582076E+02  1.878820E+02  1.277766E+01  6.725082E+00  4.403248E+02  6.052574E+00
4.954830E+01  1.663127E+03  1.684815E+03  1.458163E+02  1.864805E+02  1.322615E+01  7.639951E+00  4.209367E+02  4.682551E+00
5.070243E+01  1.627678E+03  1.614030E+03  1.420957E+02  1.772583E+02  1.316593E+01  5.459043E+00  4.117564E+02  5.940724E+00
5.188344E+01  1.601140E+03  1.569838E+03  1.365861E+02  1.790289E+02  1.145409E+01  7.060739E+00  4.038742E+02  5.648591E+00
5.309196E+01  1.547750E+03  1.548977E+03  1.360070E+02  1.639904E+02  1.295670E+01  5.826681E+00  3.939909E+02  3.833343E+00
5.432863E+01  1.491991E+03  1.527129E+03  1.329860E+02  1.604823E+02  1.228716E+01  6.593110E+00  3.851725E+02  4.869911E+00
5.559411E+01  1.464033E+03  1.499250E+03  1.328875E+02  1.566828E+02  1.200747E+01  6.882330E+00  3.736959E+02  5.271572E+00
5.688906E+01  1.422193E+03  1.427273E+03  1.264283E+02  1.543326E+02  1.073245E+01  6.439470E+00  3.648318E+02  4.793828E+00
5.821418E+01  1.392826E+03  1.401636E+03  1.242496E+02  1.545953E+02  9.928782E+00  4.265181E+00  3.501644E+02  3.216366E+00
5.957016E+01  1.364060E+03  1.382030E+03  1.266827E+02  1.495047E+02  1.038607E+01  6.627952E+00  3.331742E+02  3.894776E+00
6.095773E+01  1.321191E+03  1.338419E+03  1.201265E+02  1.426293E+02  1.101772E+01  5.809341E+00  3.251896E+02  3.338702E+00
6.237762E+01  1.298230E+03  1.296468E+03  1.149777E+02  1.425801E+02  9.983873E+00  5.677104E+00  3.173958E+02  3.719482E+00
6.383058E+01  1.270145E+03  1.275247E+03  1.063662E+02  1.426506E+02  8.863851E+00  4.527578E+00  3.113826E+02  4.272503E+00
6.531738E+01  1.233257E+03  1.242916E+03  1.066870E+02  1.344804E+02  9.409891E+00  5.421593E+00  3.068497E+02  4.549152E+00
6.683882E+01  1.198912E+03  1.209812E+03  1.038322E+02  1.250858E+02  8.830303E+00  4.689196E+00  2.878679E+02  3.653919E+00
6.839570E+01  1.191201E+03  1.192510E+03  9.641012E+01  1.266424E+02  8.867351E+00  4.641969E+00  2.754235E+02  3.273183E+00
6.998884E+01  1.152396E+03  1.150477E+03  9.991502E+01  1.220150E+02  8.839979E+00  4.768936E+00  2.733996E+02  3.373150E+00
7.161909E+01  1.134007E+03  1.125141E+03  9.025227E+01  1.220793E+02  9.548099E+00  4.660382E+00  2.646187E+02  3.069032E+00
7.328731E+01  1.106528E+03  1.081479E+03  9.308541E+01  1.143018E+02  7.886712E+00  4.998620E+00  2.545964E+02  3.332413E+00
7.499439E+01  1.084108E+03  1.062072E+03  8.581031E+01  1.086605E+02  7.490084E+00  3.962146E+00  2.417452E+02  2.768075E+00
7.674123E+01  1.042087E+03  1.024742E+03  8.709250E+01  1.071949E+02  7.160468E+00  4.720605E+00  2.404856E+02  3.765876E+00
7.852877E+01  1.017433E+03  1.014064E+03  8.547287E+01  1.050658E+02  7.878639E+00  4.872316E+00  2.200836E+02  2.850823E+00
8.035794E+01  1.010685E+03  9.960969E+02  8.464164E+01  9.801411E+01  7.395380E+00  3.647037E+00  2.223173E+02  2.988544E+00
8.222971E+01  9.776800E+02  9.521873E+02  7.905194E+01  9.776305E+01  7.326041E+00  3.762021E+00  2.178012E+02  2.326513E+00
8.414509E+01  9.528615E+02  9.224345E+02  7.754274E+01  9.331251E+01  7.497894E+00  3.434519E+00  2.055391E+02  2.418676E+00
8.610508E+01  9.277208E+02  9.106082E+02  7.506857E+01  9.033755E+01  6.334501E+00  3.356340E+00  1.947623E+02  3.403613E+00
8.811073E+01  9.061875E+02  8.853068E+02  7.409894E+01  8.809643E+01  6.513685E+00  4.250064E+00  1.923154E+02  2.402210E+00
9.016309E+01  8.950857E+02  8.682246E+02  7.015500E+01  8.645227E+01  6.636284E+00  3.024701E+00  1.859514E+02  2.302384E+00
9.226326E+01  8.660200E+02  8.248587E+02  7.102864E+01  8.324910E+01  5.514646E+00  3.352905E+00  1.742187E+02  2.470561E+00
9.441234E+01  8.492818E+02  8.235434E+02  6.372092E+01  7.773263E+01  6.380715E+00  3.147245E+00  1.733571E+02  2.328099E+00
9.661149E+01  8.307503E+02  7.928318E+02  6.142783E+01  7.638453E+01  5.055788E+00  3.075604E+00  1.649030E+02  2.190842E+00
9.886186E+01  8.096991E+02  7.653563E+02  6.093535E+01  7.728085E+01  5.311257E+00  2.882078E+00  1.603259E+02  2.182144E+00
1.011646E+02  7.859168E+02  7.520387E+02  5.725488E+01  7.266502E+01  4.908711E+00  3.098121E+00  1.485086E+02  1.850825E+00
1.035211E+02  7.753013E+02  7.328755E+02  5.968695E+01  6.798336E+01  4.403780E+00  2.555765E+00  1.494140E+02  1.454820E+00
1.059324E+02  7.601893E+02  7.007466E+02  5.583072E+01  6.789600E+01  4.265114E+00  2.766560E+00  1.392118E+02  1.383280E+00
1.083999E+02  7.294049E+02  6.811534E+02  5.549860E+01  6.402241E+01  4.280677E+00  2.515837E+00  1.327761E+02  1.915040E+00
1.109248E+02  7.154069E+02  6.701986E+02  5.504259E+01  6.274856E+01  3.816286E+00  2.495264E+00  1.299372E+02  1.761363E+00
1.135086E+02  7.027441E+02  6.421769E+02  4.912790E+01  6.250360E+01  4.267314E+00  2.295026E+00  1.241824E+02  1.649550E+00
1.161526E+02  6.978915E+02  6.299422E+02  4.850022E+01  5.526362E+01  4.135134E+00  2.347915E+00  1.180966E+02  1.787219E+00
1.188581E+02  6.641978E+02  6.123153E+02  4.907427E+01  5.664259E+01  4.486203E+00  2.397208E+00  1.124975E+02  1.369833E+00
1.216267E+02  6.543999E+02  5.957670E+02  4.427591E+01  5.434926E+01  3.380096E+00  1.773714E+00  1.116436E+02  1.238253E+00
1.244597E+02  6.413681E+02  5.823038E+02  4.490329E+01  5.183665E+01  3.303155E+00  2.223907E+00  1.060934E+02  1.046544E+00
1.273587E+02  6.218150E+02  5.621775E+02  4.263472E+01  5.113610E+01  3.355807E+00  2.237204E+00  9.706271E+01  1.246442E+00
1.303253E+02  6.078794E+02  5.382620E+02  4.163301E+01  4.575570E+01  3.216954E+00  2.217512E+00  9.510315E+01  1.311768E+00
1.333610E+02  5.991395E+02  5.261317E+02  3.964759E+01  4.761373E+01  2.960597E+00  1.648168E+00  9.055766E+01  1.037735E+00
1.364674E+02  5.815941E+02  5.032091E+02  3.790995E+01  4.617199E+01  3.549397E+00  1.849266E+00  8.637860E+01  1.163248E+00
1.396461E+02  5.685011E+02  4.973510E+02  3.780486E+01  4.421740E+01  2.914792E+00  1.632284E+00  8.280925E+01  8.161419E-01
1.428989E+02  5.412897E+02  4.816433E+02  3.412435E+01  4.178667E+01  3.532070E+00  1.680582E+00  7.750615E+01  9.115020E-01
1.462274E+02  5.415504E+02  4.629692E+02  3.220631E+01  3.841375E+01  2.867113E+00  1.586655E+00  7.262426E+01  9.185897E-01
1.496335E+02  5.217153E+02  4.470991E+02  3.082035E+01  3.843703E+01  2.502623E+00  1.468931E+00  6.898535E+01  7.072631E-01
1.531189E+02  5.107169E+02  4.355661E+02  3.049096E+01  3.772159E+01  3.083654E+00  1.594993E+00  6.834546E+01  9.835792E-01
1.566855E+02  5.049886E+02  4.112336E+02  3.005668E+01  3.566795E+01  2.312052E+00  1.065103E+00  6.325671E+01  5.455404E-01
1.603352E+02  4.793786E+02  4.071786E+02  2.838242E+01  3.409445E+01  2.513291E+00  1.066245E+00  5.935429E+01  7.108298E-01
1.640699E+02  4.757604E+02  3.955036E+02  2.823254E+01  3.254929E+01  2.580126E+00  1.166019E+00  5.495173E+01  9.427385E-01
1.678915E+02  4.621669E+02  3.835673E+02  2.659587E+01  3.057192E+01  2.303198E+00  1.212209E+00  5.234320E+01  6.788372E-01
1.718022E+02  4.561246E+02  3.613553E+02  2.606155E+01  3.046833E+01  2.203386E+00  1.279385E+00  4.861664E+01  5.212311E-01
1.758040E+02  4.423847E+02  3.550978E+02  2.396337E+01  2.852452E+01  1.805935E+00  1.134498E+00  4.750999E+01  5.556725E-01
1.798990E+02  4.338986E+02  3.407927E+02  2.271650E+01  2.692493E+01  1.493315E+00  9.955436E-01  4.457320E+01  5.882758E-01
1.840894E+02  4.264320E+02  3.290553E+02  2.149185E+01  2.529494E+01  1.813099E+00  8.181056E-01  4.143594E+01  5.306631E-01
1.883774E+02  4.116258E+02  3.223214E+02  1.938207E+01  2.353074E+01  1.598966E+00  9.291291E-01  3.727320E+01  2.808995E-01
1.927653E+02  4.038609E+02  3.082907E+02  2.025006E+01  2.377640E+01  1.752612E+00  9.924428E-01  3.528451E+01  4.223161E-01
1.972553E+02  3.953901E+02  2.974970E+02  1.875735E+01  2.152246E+01  1.320650E+00  9.698520E-01  3.380038E+01  3.301624E-01
2.018500E+02  3.816712E+02  2.861475E+02  1.806823E+01  1.970163E+01  1.673731E+00  6.856248E-01  3.014733E+01  4.234742E-01
2.065517E+02  3.782843E+02  2.765204E+02  1.655339E+01  2.025819E+01  1.537100E+00  6.700181E-01  3.095878E+01  3.153026E-01
2.113629E+02  3.642428E+02  2.627733E+02  1.608030E+01  1.835272E+01  1.348049E+00  7.317980E-01  2.834754E+01  2.888676E-01
2.162862E+02  3.632348E+02  2.591066E+02  1.520614E+01  1.740802E+01  1.072710E+00  7.151402E-01  2.555685E+01  2.258338E-01
2.213241E+02  3.455135E+02  2.501005E+02  1.394045E+01  1.732441E+01  1.342550E+00  5.333418E-01  2.455211E+01  2.574754E-01
2.264794E+02  3.387270E+02  2.375241E+02  1.328165E+01  1.595955E+01  1.114293E+00  6.110638E-01  2.100981E+01  2.695870E-01
2.317548E+02  3.238859E+02  2.271118E+02  1.303201E+01  1.492886E+01  7.903512E-01  5.444642E-01  2.021543E+01  1.931970E-01
2.371531E+02  3.205125E+02  2.195907E+02  1.234061E+01  1.410845E+01  8.581785E-01  4.977435E-01  1.857098E+01  2.231264E-01
2.426771E+02  3.137870E+02  2.100132E+02  1.190874E+01  1.355249E+01  9.895999E-01  6.038237E-01  1.725929E+01  1.509559E-01
2.483298E+02  3.023663E+02  2.018726E+02  1.132624E+01  1.303091E+01  7.867719E-01  4.261681E-01  1.494867E+01  1.803019E-01
2.541141E+02  2.972135E+02  1.929365E+02  9.450606E+00  1.086019E+01  9.770965E-01  3.203595E-01  1.348714E+01  3.203595E-01
2.600332E+02  2.899785E+02  1.842870E+02  1.003380E+01  1.134869E+01  8.139748E-01  3.287206E-01  1.321144E+01  1.721870E-01
2.660901E+02  2.855500E+02  1.771704E+02  8.749911E+00  1.026432E+01  7.189612E-01  2.294557E-01  1.138100E+01  1.070793E-01
2.722882E+02  2.768377E+02  1.668142E+02  8.147120E+00  9.447670E+00  6.876468E-01  2.391815E-01  1.089771E+01  2.989769E-02
2.786306E+02  2.700101E+02  1.609426E+02  7.947061E+00  9.247223E+00  6.135598E-01  2.629542E-01  9.261832E+00  1.314771E-01
2.851207E+02  2.619795E+02  1.525394E+02  6.866773E+00  7.780439E+00  6.138695E-01  2.284166E-01  8.537069E+00  2.855207E-02
2.917620E+02  2.570485E+02  1.483418E+02  6.431445E+00  7.770748E+00  4.882876E-01  3.487768E-01  7.770748E+00  4.185322E-02
2.985580E+02  2.484843E+02  1.406024E+02  6.012377E+00  6.857655E+00  4.090052E-01  2.317696E-01  6.803121E+00  5.453403E-02
3.055124E+02  2.417090E+02  1.349771E+02  6.128659E+00  6.928049E+00  4.929574E-01  1.998476E-01  6.221921E+00  6.661586E-02
3.126287E+02  2.344623E+02  1.277382E+02  5.234000E+00  6.457870E+00  3.385174E-01  1.692587E-01  5.234000E+00  5.207960E-02
3.199107E+02  2.310466E+02  1.216242E+02  4.949453E+00  5.763759E+00  2.926412E-01  1.399588E-01  4.351447E+00  2.544706E-02
3.273624E+02  2.263220E+02  1.173637E+02  4.749753E+00  5.073034E+00  3.108477E-01  1.740747E-01  4.289698E+00  3.730172E-02
3.349876E+02  2.191897E+02  1.098196E+02  4.398617E+00  4.763144E+00  2.794702E-01  1.579614E-01  3.863979E+00  7.290526E-02
3.427905E+02  2.117779E+02  1.045650E+02  3.550412E+00  4.856584E+00  2.968572E-01  1.781143E-01  2.849829E+00  2.374858E-02
3.507751E+02  2.086167E+02  1.011985E+02  3.655259E+00  4.003379E+00  1.856640E-01  1.972680E-01  2.703731E+00  1.160400E-02
3.589457E+02  2.016794E+02  9.399608E+01  3.243199E+00  3.798852E+00  2.041174E-01  1.587580E-01  2.517449E+00  2.267972E-02
3.673066E+02  1.947947E+02  8.946282E+01  3.003149E+00  3.479664E+00  2.105529E-01  1.218990E-01  2.149856E+00  1.108173E-02
3.758623E+02  1.920717E+02  8.377686E+01  2.263361E+00  3.064743E+00  1.732717E-01  8.663584E-02  1.678569E+00  1.082948E-02
3.846173E+02  1.861756E+02  7.957336E+01  2.317671E+00  2.709241E+00  1.587446E-01  1.058297E-01  1.661527E+00  1.058297E-02
3.935762E+02  1.797452E+02  7.488695E+01  2.223546E+00  2.606203E+00  9.307866E-02  8.273659E-02  1.282417E+00  0.000000E+00
4.027437E+02  1.773213E+02  6.817952E+01  1.869732E+00  2.263892E+00  1.414932E-01  3.031998E-02  9.904526E-01  0.000000E+00
4.121248E+02  1.705788E+02  6.526460E+01  1.767912E+00  1.669146E+00  1.580257E-01  3.950641E-02  9.382773E-01  2.962981E-02
4.217245E+02  1.663099E+02  6.014027E+01  1.457419E+00  1.862794E+00  9.651785E-02  5.791071E-02  8.879642E-01  0.000000E+00
4.315477E+02  1.605341E+02  5.809220E+01  1.339356E+00  1.480837E+00  8.488875E-02  0.000000E+00  6.508137E-01  9.432083E-03
4.415997E+02  1.574237E+02  5.373734E+01  1.474781E+00  1.437912E+00  6.452168E-02  2.765215E-02  5.806951E-01  9.217383E-03
4.518859E+02  1.532638E+02  5.020819E+01  1.035870E+00  1.396173E+00  9.908327E-02  2.702271E-02  5.494617E-01  0.000000E+00
4.624117E+02  1.484899E+02  4.620449E+01  9.242659E-01  1.100317E+00  7.042026E-02  1.760506E-02  5.105469E-01  8.802532E-03
4.731826E+02  1.438626E+02  4.465382E+01  7.397859E-01  9.118292E-01  3.440865E-02  8.602162E-03  4.387103E-01  0.000000E+00
4.842045E+02  1.410922E+02  4.093894E+01  7.145400E-01  7.061337E-01  2.521906E-02  0.000000E+00  3.530668E-01  0.000000E+00
4.954830E+02  1.388746E+02  3.677856E+01  5.257601E-01  5.996951E-01  4.107501E-02  4.107501E-02  3.203850E-01  0.000000E+00
5.070243E+02  1.348865E+02  3.598152E+01  4.014002E-01  5.780163E-01  6.422404E-02  2.408401E-02  2.408401E-01  0.000000E+00
5.188344E+02  1.296822E+02  3.213421E+01  5.413233E-01  5.020970E-01  1.569053E-02  2.353580E-02  2.353580E-01  0.000000E+00
5.309196E+02  1.250743E+02  3.008407E+01  4.830012E-01  5.213346E-01  6.133348E-02  7.666685E-03  1.610004E-01  7.666685E-03
5.432863E+02  1.214181E+02  2.735391E+01  3.596242E-01  3.146711E-01  7.492170E-03  0.000000E+00  7.492170E-02  0.000000E+00
5.559411E+02  1.179002E+02  2.422727E+01  3.587597E-01  3.001867E-01  2.928651E-02  7.321627E-03  1.464325E-01  0.000000E+00
5.688906E+02  1.136209E+02  2.343967E+01  2.504238E-01  2.861987E-01  7.154967E-03  0.000000E+00  1.073245E-01  0.000000E+00
5.821418E+02  1.094054E+02  2.079451E+01  2.936682E-01  2.447235E-01  6.992100E-03  1.398420E-02  4.195260E-02  0.000000E+00
5.957016E+02  1.065392E+02  1.868809E+01  1.434917E-01  1.844894E-01  6.832940E-03  6.832940E-03  6.832940E-02  0.000000E+00
6.095773E+02  1.041875E+02  1.712754E+01  1.535803E-01  1.335481E-01  0.000000E+00  6.677404E-03  8.680625E-02  0.000000E+00
6.237762E+02  1.023575E+02  1.558920E+01  1.957622E-01  1.305081E-01  0.000000E+00  0.000000E+00  7.177948E-02  0.000000E+00
6.383058E+02  9.725366E+01  1.371665E+01  9.565306E-02  1.084068E-01  1.275374E-02  0.000000E+00  1.913061E-02  0.000000E+00
6.531738E+02  9.386833E+01  1.266285E+01  7.478059E-02  8.101230E-02  6.231716E-03  6.231716E-03  0.000000E+00  0.000000E+00
6.683882E+02  9.160374E+01  1.163164E+01  1.157074E-01  1.217973E-01  0.000000E+00  6.089864E-03  6.089864E-03  0.000000E+00
6.839570E+02  8.959595E+01  1.006950E+01  4.165870E-02  7.736615E-02  0.000000E+00  5.951242E-03  1.785373E-02  0.000000E+00
6.998884E+02  8.560821E+01  8.671321E+00  6.397353E-02  6.978930E-02  5.815775E-03  5.815775E-03  5.815775E-03  0.000000E+00
7.161909E+02  8.175560E+01  8.104517E+00  6.251731E-02  3.978375E-02  0.000000E+00  0.000000E+00  1.705018E-02  0.000000E+00
7.328731E+02  7.961136E+01  6.848110E+00  6.109425E-02  2.777011E-02  0.000000E+00  5.554022E-03  0.000000E+00  0.000000E+00
7.499439E+02  7.739211E+01  6.030061E+00  4.342078E-02  3.799318E-02  0.000000E+00  0.000000E+00  0.000000E+00  0.000000E+00
7.674123E+02  7.546603E+01  5.229793E+00  3.182430E-02  4.243240E-02  0.000000E+00  0.000000E+00  1.060810E-02  0.000000E+00
7.852877E+02  7.298626E+01  4.711634E+00  2.073326E-02  1.554995E-02  0.000000E+00  0.000000E+00  1.036663E-02  0.000000E+00
8.035794E+02  6.977490E+01  4.173831E+00  1.519599E-02  2.026131E-02  0.000000E+00  0.000000E+00  0.000000E+00  0.000000E+00
8.222971E+02  6.753818E+01  3.400669E+00  4.950028E-03  1.980011E-02  0.000000E+00  0.000000E+00  0.000000E+00  0.000000E+00
8.414509E+02  6.363536E+01  2.999158E+00  1.451205E-02  9.674703E-03  0.000000E+00  0.000000E+00  4.837351E-03  0.000000E+00
8.610508E+02  6.257447E+01  2.486528E+00  2.363620E-02  1.418172E-02  0.000000E+00  4.727240E-03  0.000000E+00  0.000000E+00
8.811073E+02  6.024927E+01  1.991063E+00  9.239269E-03  9.239269E-03  4.619635E-03  0.000000E+00  0.000000E+00  0.000000E+00
9.016309E+02  5.834964E+01  1.914139E+00  9.028958E-03  1.354344E-02  0.000000E+00  0.000000E+00  0.000000E+00  0.000000E+00
9.226326E+02  5.602439E+01  1.649982E+00  1.323515E-02  4.411717E-03  0.000000E+00  0.000000E+00  0.000000E+00  0.000000E+00
9.441234E+02  5.374459E+01  1.470151E+00  4.311294E-03  0.000000E+00  0.000000E+00  0.000000E+00  0.000000E+00  0.000000E+00
9.661149E+02  5.181762E+01  1.209176E+00  0.000000E+00  4.213157E-03  4.213157E-03  0.000000E+00  0.000000E+00  0.000000E+00
9.886186E+02  4.919706E+01  1.004610E+00  0.000000E+00  0.000000E+00  0.000000E+00  0.000000E+00  0.000000E+00  0.000000E+00
