# Er [keV]  dR/dEr H1 [1/keV/decay]  C12  C13  O16  Na23
1.011646E-03  4.039118E+08  1.487539E+07  1.941035E+05  1.425779E+07  5.276087E+06
1.035211E-03  3.979940E+08  1.512308E+07  1.207088E+05  1.279513E+07  5.449138E+06
1.059324E-03  3.875527E+08  1.449236E+07  2.190706E+05  1.467773E+07  4.819553E+06
1.083999E-03  3.800978E+08  1.638566E+07  6.587198E+04  1.320733E+07  5.780266E+06
1.109248E-03  3.742137E+08  1.559425E+07  2.574902E+05  1.319637E+07  4.715289E+06
1.135086E-03  3.642173E+08  1.564818E+07  2.516290E+05  1.383960E+07  5.818921E+06
1.161526E-03  3.568795E+08  1.576842E+07  2.305324E+05  1.367826E+07  5.348352E+06
1.188581E-03  3.488611E+08  1.455340E+07  1.952469E+05  1.395264E+07  5.376798E+06
1.216267E-03  3.373535E+08  1.494130E+07  2.788652E+05  1.342956E+07  4.975542E+06
1.244597E-03  3.283692E+08  1.503149E+07  2.151454E+05  1.341073E+07  5.837611E+06
1.273587E-03  3.191005E+08  1.422679E+07  1.822150E+05  1.353997E+07  5.368334E+06
1.303253E-03  3.180829E+08  1.487547E+07  2.465547E+05  1.372488E+07  5.150253E+06
1.333610E-03  3.058362E+08  1.532661E+07  2.141710E+05  1.279672E+07  5.447975E+06
1.364674E-03  3.040808E+08  1.504314E+07  1.700529E+05  1.344726E+07  5.193154E+06
1.396461E-03  2.905373E+08  1.504587E+07  2.556647E+05  1.422774E+07  5.458441E+06
1.428989E-03  2.883087E+08  1.431612E+07  2.498450E+05  1.310437E+07  5.184285E+06
1.462274E-03  2.799026E+08  1.430765E+07  2.319500E+05  1.368505E+07  5.481344E+06
1.496335E-03  2.758695E+08  1.472163E+07  1.789501E+05  1.405355E+07  5.237274E+06
1.531189E-03  2.679694E+08  1.591378E+07  1.748767E+05  1.317405E+07  4.931523E+06
1.566855E-03  2.651167E+08  1.437805E+07  2.392545E+05  1.348939E+07  5.149667E+06
1.603352E-03  2.586254E+08  1.566516E+07  1.781397E+05  1.382809E+07  5.043580E+06
1.640699E-03  2.521400E+08  1.478632E+07  2.176059E+05  1.395942E+07  4.874373E+06
1.678915E-03  2.468046E+08  1.471556E+07  2.232852E+05  1.286548E+07  5.029234E+06
1.718022E-03  2.399502E+08  1.518067E+07  1.766402E+05  1.369481E+07  4.914755E+06
1.758040E-03  2.329753E+08  1.622623E+07  1.523113E+05  1.315969E+07  4.853652E+06
1.798990E-03  2.315222E+08  1.525157E+07  1.885360E+05  1.362421E+07  4.703478E+06
1.840894E-03  2.234400E+08  1.463289E+07  1.939415E+05  1.405106E+07  4.858234E+06
1.883774E-03  2.174062E+08  1.574020E+07  1.326688E+05  1.351326E+07  4.415975E+06
1.927653E-03  2.131150E+08  1.506705E+07  2.129946E+05  1.384465E+07  4.213589E+06
1.972553E-03  2.075128E+08  1.514038E+07  2.352957E+05  1.310416E+07  4.208174E+06
2.018500E-03  2.038858E+08  1.493724E+07  2.387836E+05  1.284125E+07  4.165447E+06
2.065517E-03  1.990374E+08  1.488243E+07  2.247057E+05  1.350827E+07  4.364476E+06
2.113629E-03  1.935946E+08  1.516865E+07  1.520244E+05  1.339504E+07  4.374924E+06
2.162862E-03  1.918290E+08  1.521954E+07  2.145923E+05  1.342027E+07  3.639815E+06
2.213241E-03  1.853573E+08  1.488117E+07  2.177732E+05  1.336482E+07  3.669882E+06
2.264794E-03  1.804917E+08  1.496018E+07  2.285803E+05  1.340741E+07  3.980449E+06
2.317548E-03  1.784167E+08  1.512032E+07  2.233771E+05  1.279412E+07  3.574034E+06
2.371531E-03  1.716757E+08  1.540091E+07  2.032378E+05  1.273624E+07  3.583007E+06
2.426771E-03  1.685109E+08  1.476346E+07  1.691876E+05  1.251253E+07  3.435244E+06
2.483298E-03  1.661991E+08  1.482277E+07  1.940906E+05  1.173889E+07  3.155769E+06
2.541141E-03  1.627180E+08  1.506141E+07  2.177722E+05  1.224442E+07  3.308732E+06
2.600332E-03  1.565152E+08  1.489706E+07  2.196801E+05  1.108011E+07  3.164766E+06
2.660901E-03  1.533483E+08  1.525567E+07  2.079708E+05  1.121701E+07  3.354368E+06
2.722882E-03  1.492152E+08  1.505919E+07  1.573446E+05  1.096823E+07  3.173117E+06
2.786306E-03  1.462287E+08  1.480610E+07  1.922038E+05  1.076341E+07  3.254651E+06
2.851207E-03  1.447408E+08  1.499499E+07  1.940897E+05  1.056850E+07  3.061608E+06
2.917620E-03  1.395433E+08  1.452518E+07  1.284872E+05  1.025451E+07  2.900141E+06
2.985580E-03  1.392010E+08  1.420052E+07  2.092709E+05  9.524814E+06  2.905875E+06
3.055124E-03  1.340224E+08  1.410516E+07  1.577628E+05  1.000917E+07  2.763770E+06
3.126287E-03  1.315769E+08  1.400678E+07  1.884320E+05  9.621452E+06  2.889291E+06
3.199107E-03  1.289055E+08  1.310762E+07  2.008830E+05  9.502883E+06  2.477557E+06
3.273624E-03  1.258568E+08  1.322368E+07  1.581389E+05  9.341102E+06  2.421161E+06
3.349876E-03  1.223791E+08  1.305590E+07  1.651971E+05  9.357617E+06  2.435325E+06
3.427905E-03  1.203589E+08  1.272226E+07  1.406062E+05  8.550941E+06  2.379890E+06
3.507751E-03  1.187286E+08  1.232579E+07  2.035639E+05  8.412277E+06  2.524192E+06
3.589457E-03  1.148126E+08  1.217453E+07  1.143849E+05  8.454534E+06  2.506521E+06
3.673066E-03  1.128163E+08  1.192170E+07  1.652417E+05  8.116283E+06  2.089821E+06
3.758623E-03  1.094504E+08  1.112790E+07  1.519815E+05  8.230748E+06  2.479198E+06
3.846173E-03  1.065506E+08  1.115307E+07  1.206741E+05  7.871665E+06  2.380993E+06
3.935762E-03  1.042840E+08  1.046377E+07  1.496769E+05  7.901124E+06  2.322259E+06
4.027437E-03  1.008021E+08  1.057132E+07  1.329725E+05  7.362247E+06  2.216209E+06
4.121248E-03  9.842955E+07  1.063822E+07  1.602664E+05  6.986748E+06  2.018490E+06
4.217245E-03  9.783986E+07  1.009553E+07  1.269878E+05  7.369525E+06  2.091066E+06
4.315477E-03  9.523219E+07  1.040348E+07  1.365069E+05  6.937034E+06  2.002102E+06
4.415997E-03  9.337571E+07  9.928168E+06  1.455269E+05  6.674025E+06  1.806959E+06
4.518859E-03  8.985968E+07  9.484903E+06  1.106111E+05  6.869740E+06  2.010752E+06
4.624117E-03  8.918469E+07  8.917697E+06  1.158142E+05  6.659319E+06  1.829865E+06
4.731826E-03  8.575874E+07  8.812793E+06  1.282684E+05  6.383239E+06  1.912708E+06
4.842045E-03  8.473200E+07  8.862887E+06  9.954157E+04  6.407528E+06  1.670086E+06
4.954830E-03  8.278525E+07  8.844886E+06  1.441122E+05  6.265278E+06  1.635673E+06
5.070243E-03  8.081985E+07  8.890007E+06  9.506146E+04  5.879728E+06  1.623086E+06
5.188344E-03  7.948594E+07  8.333259E+06  9.633825E+04  5.969531E+06  1.620547E+06
5.309196E-03  7.805320E+07  8.348673E+06  1.176817E+05  5.736140E+06  1.778674E+06
5.432863E-03  7.549119E+07  8.056774E+06  1.215745E+05  5.766574E+06  1.593612E+06
5.559411E-03  7.354482E+07  7.921545E+06  9.954110E+04  5.741274E+06  1.509171E+06
5.688906E-03  7.181111E+07  7.487058E+06  9.413735E+04  5.594897E+06  1.424612E+06
5.821418E-03  7.099524E+07  7.359562E+06  1.165264E+05  5.311151E+06  1.487245E+06
5.957016E-03  6.822547E+07  7.174058E+06  8.091043E+04  5.298135E+06  1.315544E+06
6.095773E-03  6.778529E+07  7.253819E+06  8.492562E+04  5.101394E+06  1.399809E+06
6.237762E-03  6.565850E+07  7.254687E+06  1.287814E+05  5.088297E+06  1.399425E+06
6.383058E-03  6.460580E+07  6.622507E+06  8.949334E+04  4.994847E+06  1.255703E+06
6.531738E-03  6.248200E+07  6.816119E+06  7.652419E+04  4.766364E+06  1.377435E+06
6.683882E-03  6.216011E+07  6.257675E+06  9.614866E+04  4.623148E+06  1.378131E+06
6.839570E-03  6.057291E+07  6.433653E+06  7.308004E+04  4.669292E+06  1.398961E+06
6.998884E-03  5.804124E+07  6.225991E+06  7.651771E+04  4.302846E+06  1.203879E+06
7.161909E-03  5.733820E+07  5.957151E+06  8.973115E+04  4.242289E+06  1.273684E+06
7.328731E-03  5.602085E+07  6.101666E+06  8.038123E+04  4.335715E+06  1.139952E+06
7.499439E-03  5.429101E+07  5.760446E+06  7.141049E+04  4.051355E+06  1.156850E+06
7.674123E-03  5.358789E+07  5.475795E+06  9.304665E+04  3.931221E+06  1.135169E+06
7.852877E-03  5.279317E+07  5.589839E+06  5.683040E+04  3.941757E+06  1.154794E+06
8.035794E-03  5.056291E+07  5.433719E+06  7.775150E+04  3.969769E+06  1.104071E+06
8.222971E-03  4.962471E+07  5.199316E+06  8.032347E+04  3.681854E+06  1.102820E+06
8.414509E-03  4.859270E+07  5.261292E+06  7.425211E+04  3.583195E+06  1.016193E+06
8.610508E-03  4.707610E+07  5.265922E+06  4.146396E+04  3.700658E+06  9.184266E+05
8.811073E-03  4.615444E+07  5.237226E+06  7.698823E+04  3.626551E+06  9.988210E+05
9.016309E-03  4.487813E+07  5.036836E+06  7.721565E+04  3.520242E+06  9.543063E+05
9.226326E-03  4.426096E+07  4.786747E+06  5.417498E+04  3.343370E+06  1.002237E+06
9.441234E-03  4.276753E+07  4.747746E+06  4.916025E+04  3.409074E+06  8.678675E+05
9.661149E-03  4.146697E+07  4.528809E+06  6.282314E+04  3.316692E+06  9.441949E+05
9.886186E-03  4.071086E+07  4.447389E+06  6.139311E+04  3.140077E+06  1.016598E+06
1.011646E-02  3.935890E+07  4.323215E+06  6.881852E+04  3.109186E+06  8.717013E+05
1.035211E-02  3.841470E+07  4.183421E+06  6.035438E+04  3.184987E+06  8.535833E+05
1.059324E-02  3.748298E+07  4.145490E+06  4.549928E+04  3.040026E+06  8.392089E+05
1.083999E-02  3.702170E+07  4.149935E+06  6.422518E+04  2.794619E+06  8.826845E+05
1.109248E-02  3.568653E+07  3.978224E+06  4.184216E+04  2.850095E+06  8.110942E+05
1.135086E-02  3.489623E+07  3.952148E+06  4.403508E+04  2.698721E+06  7.548870E+05
1.161526E-02  3.456142E+07  3.849891E+06  4.456960E+04  2.738725E+06  8.406749E+05
1.188581E-02  3.355393E+07  3.678151E+06  5.106457E+04  2.638837E+06  7.344286E+05
1.216267E-02  3.281950E+07  3.694230E+06  3.375737E+04  2.512722E+06  7.294527E+05
1.244597E-02  3.214702E+07  3.499698E+06  3.442326E+04  2.487080E+06  7.085454E+05
1.273587E-02  3.146572E+07  3.432650E+06  5.045953E+04  2.518772E+06  7.639013E+05
1.303253E-02  3.079605E+07  3.413412E+06  4.383194E+04  2.398429E+06  7.150086E+05
1.333610E-02  3.003079E+07  3.382564E+06  5.220419E+04  2.311709E+06  7.174729E+05
1.364674E-02  2.954473E+07  3.215308E+06  4.447538E+04  2.255163E+06  6.540497E+05
1.396461E-02  2.858459E+07  3.200922E+06  4.601964E+04  2.182098E+06  6.481100E+05
1.428989E-02  2.804511E+07  2.979402E+06  4.122443E+04  2.281085E+06  6.483479E+05
1.462274E-02  2.737986E+07  3.001921E+06  3.296131E+04  2.147368E+06  6.201610E+05
1.496335E-02  2.644525E+07  2.976537E+06  4.056203E+04  2.019750E+06  6.466064E+05
1.531189E-02  2.633527E+07  2.837666E+06  3.614119E+04  2.146320E+06  6.412146E+05
1.566855E-02  2.557744E+07  2.958780E+06  4.101505E+04  2.103161E+06  6.015541E+05
1.603352E-02  2.493622E+07  2.814607E+06  5.789540E+04  2.054173E+06  5.811808E+05
1.640699E-02  2.449046E+07  2.702666E+06  4.243316E+04  1.947573E+06  5.505430E+05
1.678915E-02  2.371077E+07  2.656031E+06  1.913874E+04  1.961720E+06  5.337581E+05
1.718022E-02  2.334561E+07  2.625705E+06  3.532805E+04  1.950316E+06  5.548582E+05
1.758040E-02  2.254207E+07  2.483689E+06  3.249307E+04  1.731271E+06  5.381664E+05
1.798990E-02  2.219764E+07  2.438068E+06  2.877655E+04  1.797046E+06  4.951551E+05
1.840894E-02  2.167005E+07  2.505724E+06  3.393976E+04  1.794928E+06  4.964902E+05
1.883774E-02  2.126207E+07  2.398462E+06  2.937666E+04  1.721851E+06  4.965603E+05
1.927653E-02  2.077438E+07  2.332754E+06  3.519041E+04  1.647467E+06  5.056306E+05
1.972553E-02  2.012684E+07  2.221735E+06  3.257941E+04  1.647975E+06  4.787364E+05
2.018500E-02  1.980843E+07  2.249872E+06  2.476274E+04  1.621960E+06  4.819891E+05
2.065517E-02  1.931518E+07  2.222858E+06  2.333482E+04  1.580718E+06  4.597824E+05
2.113629E-02  1.875390E+07  2.081889E+06  2.533740E+04  1.558250E+06  4.569177E+05
2.162862E-02  1.832783E+07  2.074117E+06  2.558600E+04  1.487290E+06  4.481677E+05
2.213241E-02  1.813890E+07  2.026904E+06  2.581016E+04  1.480051E+06  4.347399E+05
2.264794E-02  1.750373E+07  2.015447E+06  2.601086E+04  1.447938E+06  4.138091E+05
2.317548E-02  1.714997E+07  1.965719E+06  3.158091E+04  1.426533E+06  4.244166E+05
2.371531E-02  1.706671E+07  1.914199E+06  2.709837E+04  1.391803E+06  4.094865E+05
2.426771E-02  1.647299E+07  1.897844E+06  2.574594E+04  1.371155E+06  4.001655E+05
2.483298E-02  1.625545E+07  1.778445E+06  2.659760E+04  1.324848E+06  3.759607E+05
2.541141E-02  1.560022E+07  1.754822E+06  2.318220E+04  1.272914E+06  3.919900E+05
2.600332E-02  1.536044E+07  1.727235E+06  1.853551E+04  1.291994E+06  3.803212E+05
2.660901E-02  1.495042E+07  1.689260E+06  2.415145E+04  1.202206E+06  3.817271E+05
2.722882E-02  1.464158E+07  1.679654E+06  1.704567E+04  1.180740E+06  3.284570E+05
2.786306E-02  1.419617E+07  1.590166E+06  1.793902E+04  1.216009E+06  3.478889E+05
2.851207E-02  1.422239E+07  1.629727E+06  1.878287E+04  1.149512E+06  3.412222E+05
2.917620E-02  1.372917E+07  1.559590E+06  1.896717E+04  1.133135E+06  3.432445E+05
2.985580E-02  1.354760E+07  1.531265E+06  1.614375E+04  1.142619E+06  3.354313E+05
3.055124E-02  1.300082E+07  1.527962E+06  2.103503E+04  1.069865E+06  3.540898E+05
3.126287E-02  1.288133E+07  1.424660E+06  1.655918E+04  1.098616E+06  3.277575E+05
3.199107E-02  1.254905E+07  1.450822E+06  1.618224E+04  1.077514E+06  3.018825E+05
3.273624E-02  1.220832E+07  1.399257E+06  2.235757E+04  1.029539E+06  3.010092E+05
3.349876E-02  1.197892E+07  1.368471E+06  2.238154E+04  9.767945E+05  2.936245E+05
3.427905E-02  1.170625E+07  1.352423E+06  2.187208E+04  1.002470E+06  2.952730E+05
3.507751E-02  1.132935E+07  1.305862E+06  1.882966E+04  9.521701E+05  3.022924E+05
3.589457E-02  1.118485E+07  1.276137E+06  1.293046E+04  9.568543E+05  2.879515E+05
3.673066E-02  1.086318E+07  1.271389E+06  1.506615E+04  9.282695E+05  2.809109E+05
3.758623E-02  1.052187E+07  1.221076E+06  1.614803E+04  8.971658E+05  2.616931E+05
3.846173E-02  1.040443E+07  1.190032E+06  1.392394E+04  8.734949E+05  2.766222E+05
3.935762E-02  1.015399E+07  1.211022E+06  1.904978E+04  8.735686E+05  2.617077E+05
4.027437E-02  9.788109E+06  1.156861E+06  1.772967E+04  8.426027E+05  2.637289E+05
4.121248E-02  9.832560E+06  1.128795E+06  1.429403E+04  8.026314E+05  2.451643E+05
4.217245E-02  9.632448E+06  1.116646E+06  1.269878E+04  8.470086E+05  2.527057E+05
4.315477E-02  9.404500E+06  1.104051E+06  1.447801E+04  8.020816E+05  2.428169E+05
4.415997E-02  9.000029E+06  1.044964E+06  1.172300E+04  7.684628E+05  2.514381E+05
4.518859E-02  8.992289E+06  1.061867E+06  1.698671E+04  7.774381E+05  2.358387E+05
4.624117E-02  8.678348E+06  9.867374E+05  1.660004E+04  7.620577E+05  2.185029E+05
4.731826E-02  8.449492E+06  9.948346E+05  1.169506E+04  7.360342E+05  1.939116E+05
4.842045E-02  8.114482E+06  9.913603E+05  1.106017E+04  7.189114E+05  2.355817E+05
4.954830E-02  8.027770E+06  9.597872E+05  1.297010E+04  7.137156E+05  2.104038E+05
5.070243E-02  7.930943E+06  9.213920E+05  1.478734E+04  6.911321E+05  2.031499E+05
5.188344E-02  7.703964E+06  9.203744E+05  1.479480E+04  6.774644E+05  2.116001E+05
5.309196E-02  7.501365E+06  8.816037E+05  1.008700E+04  6.805362E+05  2.094734E+05
5.432863E-02  7.449559E+06  8.707362E+05  1.117171E+04  6.532165E+05  1.915620E+05
5.559411E-02  7.126822E+06  8.749984E+05  1.252291E+04  6.325676E+05  2.048620E+05
5.688906E-02  6.971499E+06  8.397052E+05  1.161027E+04  6.326030E+05  1.939230E+05
5.821418E-02  6.893457E+06  8.144582E+05  1.226594E+04  6.387487E+05  1.928819E+05
5.957016E-02  6.668817E+06  7.773394E+05  8.990048E+03  6.107239E+05  1.827976E+05
6.095773E-02  6.538980E+06  7.944938E+05  7.614021E+03  5.982864E+05  1.847864E+05
6.237762E-02  6.415891E+06  7.652479E+05  1.259196E+04  5.757961E+05  1.843005E+05
6.383058E-02  6.219787E+06  7.771937E+05  7.551000E+03  5.814270E+05  1.764697E+05
6.531738E-02  6.058530E+06  7.291663E+05  8.745622E+03  5.498810E+05  1.672600E+05
6.683882E-02  5.965223E+06  7.414130E+05  1.148442E+04  5.643392E+05  1.832166E+05
6.839570E-02  5.833875E+06  7.352374E+05  9.657005E+03  5.052963E+05  1.654741E+05
6.998884E-02  5.711027E+06  7.044731E+05  7.141653E+03  5.195553E+05  1.589018E+05
7.161909E-02  5.661786E+06  6.802120E+05  1.046863E+04  5.294138E+05  1.769698E+05
7.328731E-02  5.448873E+06  6.820226E+05  1.023034E+04  4.791209E+05  1.602753E+05
7.499439E-02  5.341028E+06  6.595949E+05  7.855153E+03  5.034439E+05  1.580552E+05
7.674123E-02  5.175487E+06  6.552810E+05  8.374198E+03  4.798881E+05  1.521313E+05
7.852877E-02  5.075864E+06  6.455934E+05  9.547508E+03  4.703284E+05  1.488957E+05
8.035794E-02  4.986759E+06  6.135704E+05  9.996621E+03  4.662869E+05  1.499493E+05
8.222971E-02  4.840466E+06  6.089387E+05  8.249437E+03  4.565412E+05  1.404575E+05
8.414509E-02  4.798383E+06  5.761963E+05  7.425211E+03  4.506042E+05  1.389575E+05
8.610508E-02  4.627792E+06  5.813247E+05  6.634233E+03  4.532010E+05  1.505142E+05
8.811073E-02  4.501785E+06  5.753857E+05  7.698823E+03  4.199911E+05  1.481010E+05
9.016309E-02  4.458907E+06  5.537748E+05  6.929610E+03  4.191424E+05  1.423540E+05
9.226326E-02  4.351605E+06  5.405889E+05  7.352319E+03  4.105690E+05  1.329222E+05
9.441234E-02  4.252551E+06  5.445443E+05  9.453894E+03  4.012233E+05  1.255477E+05
9.661149E-02  4.141708E+06  5.158889E+05  6.097540E+03  4.065027E+05  1.210269E+05
9.886186E-02  4.070363E+06  4.875335E+05  5.236471E+03  3.990552E+05  1.202583E+05
1.011646E-01  3.958653E+06  5.253147E+05  7.764141E+03  3.799135E+05  1.325198E+05
1.035211E-01  3.828882E+06  5.037004E+05  5.173232E+03  3.728176E+05  1.224332E+05
1.059324E-01  3.806267E+06  4.735295E+05  5.223991E+03  3.717459E+05  1.130741E+05
1.083999E-01  3.723908E+06  4.937105E+05  5.763798E+03  3.494509E+05  1.216985E+05
1.109248E-01  3.634957E+06  4.642870E+05  6.920049E+03  3.469681E+05  1.215032E+05
1.135086E-01  3.513685E+06  4.450688E+05  7.234334E+03  3.431591E+05  1.135476E+05
1.161526E-01  3.408960E+06  4.547636E+05  5.225401E+03  3.451839E+05  1.135756E+05
1.188581E-01  3.375818E+06  4.375032E+05  4.956267E+03  3.410813E+05  1.102394E+05
1.216267E-01  3.300296E+06  4.138947E+05  4.549906E+03  3.352253E+05  1.113993E+05
1.244597E-01  3.212120E+06  4.473589E+05  3.872617E+03  3.261604E+05  1.133099E+05
1.273587E-01  3.127790E+06  4.085821E+05  3.924630E+03  3.178951E+05  1.014797E+05
1.303253E-01  3.091248E+06  4.061303E+05  4.794119E+03  3.084673E+05  1.012244E+05
1.333610E-01  2.987686E+06  3.934054E+05  4.818848E+03  3.046583E+05  1.005265E+05
1.364674E-01  2.925433E+06  3.972698E+05  4.970778E+03  2.964153E+05  9.784583E+04
1.396461E-01  2.880446E+06  3.840083E+05  4.985461E+03  2.926082E+05  9.766391E+04
1.428989E-01  2.828246E+06  3.710199E+05  3.872598E+03  2.798264E+05  1.044352E+05
1.462274E-01  2.730540E+06  3.681901E+05  5.981868E+03  2.724802E+05  9.058257E+04
1.496335E-01  2.698806E+06  3.674442E+05  5.487804E+03  2.842921E+05  8.852066E+04
1.531189E-01  2.597735E+06  3.476549E+05  4.896548E+03  2.568356E+05  8.872079E+04
1.566855E-01  2.564238E+06  3.477165E+05  4.899020E+03  2.785605E+05  9.080276E+04
1.603352E-01  2.502640E+06  3.328986E+05  4.230818E+03  2.691023E+05  8.227827E+04
1.640699E-01  2.428265E+06  3.467551E+05  4.896133E+03  2.574278E+05  8.486631E+04
1.678915E-01  2.372353E+06  3.229130E+05  3.508768E+03  2.396595E+05  8.378513E+04
1.718022E-01  2.325417E+06  3.161860E+05  4.260147E+03  2.441792E+05  8.135842E+04
1.758040E-01  2.253293E+06  3.161982E+05  3.249307E+03  2.336455E+05  8.336503E+04
1.798990E-01  2.240006E+06  3.085045E+05  3.770720E+03  2.326931E+05  8.126895E+04
1.840894E-01  2.167393E+06  3.004154E+05  3.684888E+03  2.338934E+05  7.796448E+04
1.883774E-01  2.101284E+06  2.886494E+05  4.074827E+03  2.258212E+05  7.685314E+04
1.927653E-01  2.057991E+06  2.893022E+05  4.259892E+03  2.216996E+05  7.862279E+04
1.972553E-01  2.004810E+06  2.852508E+05  4.072426E+03  2.228975E+05  7.629012E+04
2.018500E-01  1.990571E+06  2.873363E+05  4.687234E+03  2.149937E+05  6.986631E+04
2.065517E-01  1.930654E+06  2.730174E+05  3.197735E+03  2.133840E+05  7.233795E+04
2.113629E-01  1.908244E+06  2.595394E+05  3.040488E+03  2.151990E+05  7.187375E+04
2.162862E-01  1.825685E+06  2.554473E+05  3.549026E+03  2.027072E+05  6.792671E+04
2.213241E-01  1.795097E+06  2.550367E+05  4.194151E+03  2.030130E+05  6.460606E+04
2.264794E-01  1.771418E+06  2.586898E+05  3.941039E+03  2.016236E+05  7.030814E+04
2.317548E-01  1.726705E+06  2.561134E+05  3.312144E+03  1.937989E+05  6.762936E+04
2.371531E-01  1.674077E+06  2.446381E+05  2.559291E+03  1.914199E+05  6.277790E+04
2.426771E-01  1.643989E+06  2.399522E+05  2.574594E+03  1.901522E+05  6.818997E+04
2.483298E-01  1.621447E+06  2.412474E+05  2.803531E+03  1.835953E+05  6.369047E+04
2.541141E-01  1.580745E+06  2.302063E+05  3.231458E+03  1.858089E+05  6.399693E+04
2.600332E-01  1.538173E+06  2.200233E+05  2.814651E+03  1.740278E+05  6.027473E+04
2.660901E-01  1.480752E+06  2.199795E+05  2.683495E+03  1.781170E+05  6.031154E+04
2.722882E-01  1.477204E+06  2.225771E+05  2.556851E+03  1.701945E+05  5.775860E+04
2.786306E-01  1.451523E+06  2.123211E+05  2.818989E+03  1.727272E+05  5.830182E+04
2.851207E-01  1.398760E+06  2.067368E+05  2.629602E+03  1.759329E+05  5.810168E+04
2.917620E-01  1.344894E+06  2.091895E+05  3.181589E+03  1.715611E+05  5.555544E+04
2.985580E-01  1.326359E+06  1.966548E+05  2.032917E+03  1.575511E+05  5.375272E+04
3.055124E-01  1.306217E+06  1.980799E+05  2.278795E+03  1.591067E+05  5.714518E+04
3.126287E-01  1.271916E+06  1.952841E+05  2.797930E+03  1.610808E+05  5.475948E+04
3.199107E-01  1.246647E+06  1.936847E+05  3.069046E+03  1.558517E+05  5.155998E+04
3.273624E-01  1.221868E+06  1.858950E+05  2.235757E+03  1.525222E+05  5.360364E+04
3.349876E-01  1.185902E+06  1.902431E+05  2.131576E+03  1.547524E+05  4.966571E+04
3.427905E-01  1.167136E+06  1.839338E+05  2.916277E+03  1.502924E+05  4.863933E+04
3.507751E-01  1.140060E+06  1.798996E+05  2.188312E+03  1.473803E+05  4.956781E+04
3.589457E-01  1.103764E+06  1.748099E+05  1.740639E+03  1.464624E+05  4.719619E+04
3.673066E-01  1.085201E+06  1.713168E+05  1.992620E+03  1.343318E+05  4.874630E+04
3.758623E-01  1.060451E+06  1.687944E+05  2.659676E+03  1.367359E+05  4.834911E+04
3.846173E-01  1.043553E+06  1.682011E+05  1.856525E+03  1.332056E+05  4.594899E+04
3.935762E-01  1.031863E+06  1.615149E+05  2.267831E+03  1.296292E+05  4.240844E+04
4.027437E-01  9.921525E+05  1.557995E+05  1.861616E+03  1.301358E+05  4.445716E+04
4.121248E-01  9.686154E+05  1.513868E+05  1.689294E+03  1.245313E+05  4.218904E+04
4.217245E-01  9.439426E+05  1.517081E+05  2.201122E+03  1.264375E+05  4.190597E+04
4.315477E-01  9.298603E+05  1.530946E+05  2.192384E+03  1.248832E+05  4.260671E+04
4.415997E-01  9.001646E+05  1.476289E+05  1.859510E+03  1.219596E+05  4.297086E+04
4.518859E-01  8.797929E+05  1.430834E+05  2.212222E+03  1.186304E+05  4.222974E+04
4.624117E-01  8.492273E+05  1.472771E+05  1.544190E+03  1.173198E+05  4.003312E+04
4.731826E-01  8.450246E+05  1.366436E+05  2.188108E+03  1.160452E+05  3.780145E+04
4.842045E-01  8.321307E+05  1.367406E+05  1.917097E+03  1.148783E+05  4.051711E+04
4.954830E-01  8.086495E+05  1.382036E+05  1.909487E+03  1.098855E+05  3.757725E+04
5.070243E-01  7.897143E+05  1.303750E+05  1.795605E+03  1.088630E+05  3.753167E+04
5.188344E-01  7.735962E+05  1.301943E+05  2.029985E+03  1.074172E+05  3.684938E+04
5.309196E-01  7.413944E+05  1.292145E+05  1.546673E+03  1.067877E+05  3.725465E+04
5.432863E-01  7.245511E+05  1.213445E+05  1.741472E+03  1.034697E+05  3.571661E+04
5.559411E-01  7.211592E+05  1.199310E+05  1.573392E+03  1.017888E+05  3.410085E+04
5.688906E-01  6.940747E+05  1.214686E+05  1.882747E+03  1.009466E+05  3.370117E+04
5.821418E-01  6.811275E+05  1.176303E+05  1.533242E+03  9.978340E+04  3.501925E+04
5.957016E-01  6.742536E+05  1.156420E+05  1.558275E+03  9.826122E+04  3.428205E+04
6.095773E-01  6.566508E+05  1.166995E+05  1.727797E+03  9.464814E+04  3.511235E+04
6.237762E-01  6.420184E+05  1.143865E+05  1.373669E+03  9.197856E+04  3.228121E+04
6.383058E-01  6.243838E+05  1.150269E+05  1.510200E+03  9.301714E+04  3.143454E+04
6.531738E-01  6.066455E+05  1.074892E+05  1.831115E+03  9.081782E+04  3.290540E+04
6.683882E-01  5.961751E+05  1.079002E+05  1.255274E+03  8.776236E+04  3.175577E+04
6.839570E-01  5.850318E+05  1.035388E+05  1.252801E+03  8.628665E+04  3.145052E+04
6.998884E-01  5.631449E+05  1.047272E+05  1.351813E+03  8.118529E+04  3.114271E+04
7.161909E-01  5.561587E+05  9.793158E+04  1.570295E+03  8.606713E+04  2.851457E+04
7.328731E-01  5.480295E+05  9.977016E+04  1.217897E+03  8.281703E+04  2.803600E+04
7.499439E-01  5.303657E+05  9.864168E+04  1.309192E+03  7.821829E+04  2.896885E+04
7.674123E-01  5.152691E+05  9.586131E+04  9.304665E+02  7.953162E+04  2.684396E+04
7.852877E-01  5.095869E+05  9.201979E+04  9.092865E+02  7.826683E+04  2.834701E+04
8.035794E-01  4.980761E+05  9.227992E+04  9.330180E+02  7.970640E+04  2.692423E+04
8.222971E-01  4.836341E+05  9.267592E+04  1.411088E+03  7.823940E+04  2.650674E+04
8.414509E-01  4.689551E+05  9.092701E+04  1.103174E+03  7.552500E+04  2.647618E+04
8.610508E-01  4.563938E+05  8.985239E+04  7.878152E+02  7.347413E+04  2.554180E+04
8.811073E-01  4.508269E+05  8.713852E+04  1.114303E+03  7.265258E+04  2.467675E+04
9.016309E-01  4.405846E+05  8.505601E+04  9.305476E+02  7.165216E+04  2.480800E+04
9.226326E-01  4.367277E+05  8.404861E+04  1.122196E+03  6.911180E+04  2.404982E+04
9.441234E-01  4.194882E+05  8.317536E+04  1.039928E+03  6.903234E+04  2.522299E+04
9.661149E-01  4.164990E+05  7.985930E+04  7.021410E+02  6.496652E+04  2.361411E+04
9.886186E-01  4.022693E+05  8.013607E+04  9.028399E+02  6.606982E+04  2.291408E+04
1.011646E+00  3.962359E+05  7.693558E+04  1.058746E+03  6.497174E+04  2.320419E+04
1.035211E+00  3.843884E+05  7.377029E+04  1.155355E+03  6.490682E+04  2.158962E+04
1.059324E+00  3.744422E+05  7.627027E+04  1.044798E+03  6.277215E+04  2.222724E+04
1.083999E+00  3.634651E+05  7.255799E+04  9.880797E+02  6.066809E+04  2.134252E+04
1.109248E+00  3.609530E+05  7.261224E+04  1.046054E+03  6.025271E+04  2.175792E+04
1.135086E+00  3.520919E+05  7.089647E+04  1.085150E+03  5.998207E+04  2.071221E+04
1.161526E+00  3.429093E+05  7.146505E+04  9.989738E+02  5.815564E+04  2.085550E+04
1.188581E+00  3.359448E+05  6.884705E+04  9.762344E+02  5.738756E+04  1.994522E+04
1.216267E+00  3.304699E+05  6.717716E+04  1.159492E+03  5.552353E+04  1.996088E+04
1.244597E+00  3.192327E+05  6.587751E+04  9.753257E+02  5.585174E+04  1.940611E+04
1.273587E+00  3.141807E+05  6.491058E+04  9.250915E+02  5.411785E+04  1.918864E+04
1.303253E+00  3.037006E+05  6.410422E+04  6.437816E+02  5.477623E+04  1.953261E+04
1.333610E+00  2.997190E+05  6.148047E+04  8.566841E+02  5.354276E+04  1.812422E+04
1.364674E+00  2.890376E+05  6.227861E+04  8.241026E+02  5.155220E+04  1.763318E+04
1.396461E+00  2.841841E+05  5.936534E+04  8.309102E+02  5.077500E+04  1.845899E+04
1.428989E+00  2.827371E+05  6.126200E+04  7.620274E+02  5.084347E+04  1.696448E+04
1.462274E+00  2.693550E+05  5.858568E+04  8.179289E+02  4.875833E+04  1.746950E+04
1.496335E+00  2.632714E+05  5.858827E+04  9.186106E+02  4.762459E+04  1.789501E+04
1.531189E+00  2.565675E+05  5.669503E+04  6.878484E+02  4.707681E+04  1.662495E+04
1.566855E+00  2.528692E+05  5.541589E+04  6.835842E+02  4.705338E+04  1.593890E+04
1.603352E+00  2.466233E+05  5.523444E+04  8.016287E+02  4.600458E+04  1.593237E+04
1.640699E+00  2.404872E+05  5.402067E+04  6.636981E+02  4.572989E+04  1.605932E+04
1.678915E+00  2.370439E+05  5.326948E+04  6.804884E+02  4.304089E+04  1.607654E+04
1.718022E+00  2.310247E+05  5.264918E+04  5.403113E+02  4.341194E+04  1.518067E+04
1.758040E+00  2.265579E+05  4.968393E+04  7.920185E+02  4.332747E+04  1.492650E+04
1.798990E+00  2.198132E+05  5.025973E+04  7.045293E+02  4.206338E+04  1.496381E+04
1.840894E+00  2.157405E+05  4.917387E+04  6.400069E+02  4.135802E+04  1.426440E+04
1.883774E+00  2.097115E+05  4.848097E+04  6.349149E+02  3.981011E+04  1.429032E+04
1.927653E+00  2.061139E+05  4.730332E+04  5.278562E+02  4.088570E+04  1.357609E+04
1.972553E+00  2.010331E+05  4.626276E+04  6.063390E+02  3.927629E+04  1.347521E+04
2.018500E+00  1.945733E+05  4.699615E+04  6.986631E+02  3.892173E+04  1.352223E+04
2.065517E+00  1.917604E+05  4.539919E+04  5.271941E+02  3.816540E+04  1.320578E+04
2.113629E+00  1.856724E+05  4.456848E+04  6.418807E+02  3.738955E+04  1.304031E+04
2.162862E+00  1.824530E+05  4.307527E+04  5.942555E+02  3.585342E+04  1.260317E+04
2.213241E+00  1.764124E+05  4.315136E+04  4.516778E+02  3.566642E+04  1.272764E+04
2.264794E+00  1.739023E+05  4.242923E+04  5.438634E+02  3.527230E+04  1.221722E+04
2.317548E+00  1.721005E+05  4.170220E+04  6.008075E+02  3.482373E+04  1.226263E+04
2.371531E+00  1.664819E+05  3.900660E+04  7.000413E+02  3.430203E+04  1.187812E+04
2.426771E+00  1.617654E+05  4.014896E+04  4.634269E+02  3.396993E+04  1.174751E+04
2.483298E+00  1.582629E+05  3.883250E+04  5.391406E+02  3.308166E+04  1.131476E+04
2.541141E+00  1.589807E+05  3.734442E+04  4.566191E+02  3.113440E+04  1.083944E+04
2.600332E+00  1.526502E+05  3.764081E+04  5.148752E+02  3.140052E+04  1.065448E+04
2.660901E+00  1.510405E+05  3.732741E+04  4.897378E+02  3.084677E+04  1.033145E+04
2.722882E+00  1.458782E+05  3.638595E+04  5.375942E+02  3.003972E+04  1.045031E+04
2.786306E+00  1.414684E+05  3.525659E+04  4.997299E+02  3.017600E+04  1.063528E+04
2.851207E+00  1.390371E+05  3.472953E+04  6.448786E+02  2.885675E+04  1.007388E+04
2.917620E+00  1.372856E+05  3.435504E+04  4.344093E+02  2.910542E+04  9.887400E+03
2.985580E+00  1.330126E+05  3.400951E+04  5.441043E+02  2.820373E+04  1.026623E+04
3.055124E+00  1.278404E+05  3.246991E+04  5.025036E+02  2.836808E+04  9.892309E+03
3.126287E+00  1.257241E+05  3.229039E+04  4.739350E+02  2.775090E+04  9.438731E+03
3.199107E+00  1.218077E+05  3.232543E+04  4.798872E+02  2.657794E+04  8.833273E+03
3.273624E+00  1.194712E+05  3.142056E+04  4.526045E+02  2.588570E+04  9.406538E+03
3.349876E+00  1.172473E+05  3.083324E+04  3.623678E+02  2.589864E+04  8.893999E+03
3.427905E+00  1.151200E+05  3.007931E+04  3.801575E+02  2.535078E+04  8.660301E+03
3.507751E+00  1.117667E+05  2.991371E+04  3.562368E+02  2.542513E+04  8.870296E+03
3.589457E+00  1.100283E+05  2.879515E+04  3.431546E+02  2.495579E+04  8.036780E+03
3.673066E+00  1.081264E+05  2.793557E+04  3.693638E+02  2.326992E+04  8.198904E+03
3.758623E+00  1.046583E+05  2.810233E+04  3.847032E+02  2.356188E+04  7.860293E+03
3.846173E+00  1.028607E+05  2.739766E+04  3.434571E+02  2.304411E+04  8.010904E+03
3.935762E+00  1.002019E+05  2.650188E+04  3.537817E+02  2.247421E+04  7.760519E+03
4.027437E+00  9.712315E+04  2.654575E+04  3.501610E+02  2.202025E+04  7.539543E+03
4.121248E+00  9.684855E+04  2.601513E+04  3.162013E+02  2.163163E+04  7.328939E+03
4.217245E+00  9.243018E+04  2.553301E+04  3.344012E+02  2.104611E+04  6.785381E+03
4.315477E+00  9.249378E+04  2.507591E+04  3.598819E+02  2.130335E+04  7.123179E+03
4.415997E+00  8.945053E+04  2.459000E+04  3.072234E+02  2.027675E+04  7.054012E+03
4.518859E+00  8.644259E+04  2.418828E+04  4.187421E+02  1.984284E+04  6.909244E+03
4.624117E+00  8.490342E+04  2.359908E+04  3.358613E+02  1.953786E+04  6.620714E+03
4.731826E+00  8.386867E+04  2.283177E+04  2.791724E+02  1.942134E+04  6.930266E+03
4.842045E+00  8.056969E+04  2.267704E+04  2.543840E+02  1.905299E+04  6.470202E+03
4.954830E+00  7.836821E+04  2.189785E+04  3.026356E+02  1.899038E+04  6.200427E+03
5.070243E+00  7.733074E+04  2.179372E+04  3.098300E+02  1.799126E+04  6.083934E+03
5.188344E+00  7.527802E+04  2.150407E+04  3.440652E+02  1.739250E+04  6.292952E+03
5.309196E+00  7.367208E+04  2.124658E+04  2.790736E+02  1.751439E+04  6.089185E+03
5.432863E+00  7.247154E+04  2.021751E+04  2.332916E+02  1.694157E+04  5.746859E+03
5.559411E+00  7.022785E+04  1.975730E+04  3.532103E+02  1.682245E+04  5.644944E+03
5.688906E+00  6.900896E+04  1.995084E+04  2.918258E+02  1.617594E+04  5.550966E+03
5.821418E+00  6.657644E+04  1.961323E+04  2.821165E+02  1.635969E+04  5.559536E+03
5.957016E+00  6.570226E+04  1.924170E+04  3.026649E+02  1.564868E+04  5.543863E+03
6.095773E+00  6.391385E+04  1.813308E+04  2.313491E+02  1.546525E+04  5.177534E+03
6.237762E+00  6.273087E+04  1.850160E+04  2.489774E+02  1.552246E+04  5.365893E+03
6.383058E+00  6.194897E+04  1.830139E+04  2.153433E+02  1.490064E+04  5.201800E+03
6.531738E+00  6.002503E+04  1.770169E+04  2.268396E+02  1.468991E+04  4.826490E+03
6.683882E+00  5.863199E+04  1.725067E+04  2.083221E+02  1.454783E+04  4.940973E+03
6.839570E+00  5.739393E+04  1.714771E+04  2.427301E+02  1.387738E+04  4.648412E+03
6.998884E+00  5.624307E+04  1.652783E+04  2.474073E+02  1.334724E+04  4.756851E+03
7.161909E+00  5.402314E+04  1.648561E+04  2.168503E+02  1.369646E+04  4.678482E+03
7.328731E+00  5.282265E+04  1.567678E+04  2.216573E+02  1.285856E+04  4.623139E+03
7.499439E+00  5.205586E+04  1.587455E+04  2.427957E+02  1.312287E+04  4.691669E+03
7.674123E+00  4.993814E+04  1.539689E+04  2.372689E+02  1.228681E+04  4.431347E+03
7.852877E+00  4.995393E+04  1.513280E+04  2.068627E+02  1.226627E+04  4.150893E+03
8.035794E+00  4.899900E+04  1.499715E+04  1.577245E+02  1.214701E+04  3.916454E+03
8.222971E+00  4.737565E+04  1.424330E+04  1.953814E+02  1.147974E+04  4.042224E+03
8.414509E+00  4.558019E+04  1.429671E+04  1.569902E+02  1.179760E+04  3.861110E+03
8.610508E+00  4.492205E+04  1.384896E+04  1.969538E+02  1.146271E+04  3.881026E+03
8.811073E+00  4.476055E+04  1.375658E+04  1.904446E+02  1.125244E+04  3.847385E+03
9.016309E+00  4.306455E+04  1.327119E+04  1.583911E+02  1.107352E+04  3.690512E+03
9.226326E+00  4.217522E+04  1.303682E+04  1.780035E+02  1.051188E+04  3.645202E+03
9.441234E+00  4.072359E+04  1.291024E+04  1.871871E+02  1.093248E+04  3.429873E+03
9.661149E+00  3.997215E+04  1.245746E+04  1.884694E+02  1.005355E+04  3.466359E+03
9.886186E+00  3.949563E+04  1.228585E+04  1.751509E+02  1.005041E+04  3.302588E+03
1.011646E+01  3.830898E+04  1.191796E+04  1.570474E+02  9.855165E+03  3.377401E+03
1.035211E+01  3.779908E+04  1.181221E+04  2.017561E+02  9.754992E+03  3.186711E+03
1.059324E+01  3.698080E+04  1.129225E+04  1.634604E+02  9.462165E+03  3.191690E+03
1.083999E+01  3.536831E+04  1.105661E+04  1.696204E+02  9.115035E+03  3.025171E+03
1.109248E+01  3.512649E+04  1.100610E+04  1.480569E+02  9.060437E+03  3.033557E+03
1.135086E+01  3.424985E+04  1.063762E+04  1.289599E+02  8.851051E+03  3.035275E+03
1.161526E+01  3.340415E+04  1.029711E+04  1.536883E+02  8.620375E+03  2.820180E+03
1.188581E+01  3.264528E+04  1.071455E+04  1.366728E+02  8.514266E+03  2.843095E+03
1.216267E+01  3.170110E+04  1.019326E+04  1.247555E+02  8.320457E+03  2.822409E+03
1.244597E+01  3.107990E+04  9.995654E+03  1.419959E+02  8.065083E+03  2.667803E+03
1.273587E+01  3.045373E+04  9.885864E+03  1.331571E+02  8.086140E+03  2.665945E+03
1.303253E+01  2.951944E+04  9.474548E+03  1.246471E+02  7.796607E+03  2.562799E+03
1.333610E+01  2.909513E+04  9.304393E+03  1.124398E+02  7.497324E+03  2.441550E+03
1.364674E+01  2.856758E+04  8.942167E+03  1.451990E+02  7.380297E+03  2.558642E+03
1.396461E+01  2.766803E+04  8.817875E+03  1.367806E+02  7.465409E+03  2.414753E+03
1.428989E+01  2.700450E+04  8.734583E+03  1.011872E+02  7.219272E+03  2.288581E+03
1.462274E+01  2.665105E+04  8.698124E+03  1.269621E+02  6.973149E+03  2.356123E+03
1.496335E+01  2.594180E+04  8.367708E+03  1.109491E+02  6.732104E+03  2.220174E+03
1.531189E+01  2.514960E+04  8.291488E+03  1.317405E+02  6.556711E+03  2.304875E+03
1.566855E+01  2.452016E+04  8.053761E+03  1.036769E+02  6.458731E+03  2.201141E+03
1.603352E+01  2.427710E+04  7.746850E+03  1.157908E+02  6.489852E+03  2.166624E+03
1.640699E+01  2.333171E+04  7.557454E+03  1.131551E+02  6.149544E+03  2.030263E+03
1.678915E+01  2.318339E+04  7.487499E+03  9.463041E+01  6.164799E+03  1.959594E+03
1.718022E+01  2.255384E+04  7.356547E+03  1.080623E+02  5.906019E+03  2.050066E+03
1.758040E+01  2.198156E+04  7.229708E+03  1.025562E+02  5.669025E+03  1.916076E+03
1.798990E+01  2.158936E+04  6.888511E+03  1.101447E+02  5.677911E+03  1.884368E+03
1.840894E+01  2.096411E+04  6.864559E+03  1.056981E+02  5.588424E+03  1.831777E+03
1.883774E+01  2.041773E+04  6.731046E+03  7.581074E+01  5.492488E+03  1.834620E+03
1.927653E+01  1.977053E+04  6.535230E+03  9.353241E+01  5.306343E+03  1.758594E+03
1.972553E+01  1.935036E+04  6.361130E+03  7.692361E+01  5.146642E+03  1.816302E+03
2.018500E+01  1.855614E+04  6.308309E+03  7.605700E+01  5.136501E+03  1.640532E+03
2.065517E+01  1.869033E+04  6.124094E+03  8.469676E+01  5.070570E+03  1.702578E+03
2.113629E+01  1.801827E+04  6.097867E+03  7.432303E+01  4.901942E+03  1.608925E+03
2.162862E+01  1.770221E+04  5.784912E+03  7.923407E+01  4.742489E+03  1.589634E+03
2.213241E+01  1.726055E+04  5.816158E+03  6.613854E+01  4.721646E+03  1.573613E+03
2.264794E+01  1.677779E+04  5.782292E+03  7.960899E+01  4.676437E+03  1.587451E+03
2.317548E+01  1.652144E+04  5.559780E+03  7.625634E+01  4.543799E+03  1.471978E+03
2.371531E+01  1.624999E+04  5.370747E+03  8.129512E+01  4.411766E+03  1.436214E+03
2.426771E+01  1.558144E+04  5.276447E+03  6.693945E+01  4.251758E+03  1.385132E+03
2.483298E+01  1.545033E+04  5.024790E+03  6.972884E+01  4.213204E+03  1.393139E+03
2.541141E+01  1.500450E+04  5.040373E+03  5.760426E+01  4.047753E+03  1.362130E+03
2.600332E+01  1.471376E+04  5.049896E+03  6.109853E+01  4.159505E+03  1.281010E+03
2.660901E+01  1.425808E+04  4.715571E+03  7.580872E+01  3.916560E+03  1.327659E+03
2.722882E+01  1.396565E+04  4.640356E+03  5.965985E+01  3.807085E+03  1.220077E+03
2.786306E+01  1.373681E+04  4.653895E+03  5.125435E+01  3.762069E+03  1.239074E+03
2.851207E+01  1.336088E+04  4.459680E+03  5.885300E+01  3.566241E+03  1.224017E+03
2.917620E+01  1.311488E+04  4.402830E+03  5.996072E+01  3.622729E+03  1.146596E+03
2.985580E+01  1.265371E+04  4.275105E+03  6.337918E+01  3.526513E+03  1.158165E+03
3.055124E+01  1.255558E+04  4.213434E+03  5.726204E+01  3.427542E+03  1.130049E+03
3.126287E+01  1.204594E+04  4.047291E+03  6.052664E+01  3.390063E+03  1.063784E+03
3.199107E+01  1.178737E+04  4.079041E+03  5.580084E+01  3.198504E+03  1.014459E+03
3.273624E+01  1.147107E+04  3.913665E+03  6.652740E+01  3.216763E+03  1.062257E+03
3.349876E+01  1.127923E+04  3.790474E+03  5.169071E+01  3.104107E+03  1.005038E+03
3.427905E+01  1.101415E+04  3.695860E+03  5.415943E+01  3.069902E+03  1.017572E+03
3.507751E+01  1.084639E+04  3.706898E+03  4.631078E+01  2.981702E+03  9.791423E+02
3.589457E+01  1.057662E+04  3.565327E+03  3.630476E+01  2.826301E+03  9.558596E+02
3.673066E+01  1.026588E+04  3.536172E+03  4.519846E+01  2.840213E+03  9.666639E+02
3.758623E+01  1.010487E+04  3.537844E+03  4.321974E+01  2.738992E+03  8.857672E+02
3.846173E+01  9.978356E+03  3.315753E+03  4.734138E+01  2.735125E+03  8.799927E+02
3.935762E+01  9.644633E+03  3.301509E+03  4.308879E+01  2.699173E+03  8.985147E+02
4.027437E+01  9.351516E+03  3.203309E+03  4.033501E+01  2.564597E+03  8.514675E+02
4.121248E+01  9.175467E+03  3.122596E+03  4.548100E+01  2.458140E+03  8.281874E+02
4.217245E+01  9.008938E+03  3.111624E+03  3.640317E+01  2.440282E+03  8.004464E+02
4.315477E+01  8.717415E+03  3.004393E+03  3.764282E+01  2.422791E+03  7.292779E+02
4.415997E+01  8.582448E+03  2.905283E+03  4.244534E+01  2.368046E+03  7.466338E+02
4.518859E+01  8.306500E+03  2.879049E+03  3.792381E+01  2.286885E+03  7.193673E+02
4.624117E+01  8.208528E+03  2.767961E+03  3.474427E+01  2.233671E+03  7.068530E+02
4.731826E+01  8.077513E+03  2.715140E+03  3.433066E+01  2.151514E+03  7.103805E+02
4.842045E+01  7.786732E+03  2.682461E+03  3.170583E+01  2.167426E+03  6.521816E+02
4.954830E+01  7.666769E+03  2.644459E+03  3.494721E+01  2.077017E+03  6.614750E+02
5.070243E+01  7.378178E+03  2.605036E+03  3.379963E+01  2.034315E+03  6.495867E+02
5.188344E+01  7.303128E+03  2.471076E+03  3.303026E+01  1.948785E+03  6.454663E+02
5.309196E+01  7.126465E+03  2.418862E+03  3.093346E+01  1.879544E+03  6.216954E+02
5.432863E+01  6.909374E+03  2.365117E+03  3.252939E+01  1.886705E+03  5.898006E+02
5.559411E+01  6.703611E+03  2.309353E+03  2.504582E+01  1.791740E+03  5.834393E+02
5.688906E+01  6.609070E+03  2.230428E+03  2.792742E+01  1.840071E+03  5.786309E+02
5.821418E+01  6.573316E+03  2.204496E+03  2.759836E+01  1.698219E+03  5.400079E+02
5.957016E+01  6.333189E+03  2.159409E+03  2.726981E+01  1.695523E+03  5.286148E+02
6.095773E+01  6.130751E+03  2.096199E+03  2.694192E+01  1.645214E+03  5.039896E+02
6.237762E+01  6.029547E+03  2.040470E+03  2.861810E+01  1.618640E+03  5.202770E+02
6.383058E+01  5.885306E+03  1.989549E+03  2.880567E+01  1.535929E+03  4.882980E+02
6.531738E+01  5.765005E+03  1.967492E+03  2.705677E+01  1.503700E+03  4.777296E+02
6.683882E+01  5.632442E+03  1.824154E+03  2.697504E+01  1.512739E+03  4.585757E+02
6.839570E+01  5.516499E+03  1.880245E+03  2.427301E+01  1.467343E+03  4.327382E+02
6.998884E+01  5.370778E+03  1.766284E+03  2.346543E+01  1.410221E+03  4.353858E+02
7.161909E+01  5.183469E+03  1.767205E+03  1.994026E+01  1.385848E+03  4.416767E+02
7.328731E+01  5.118092E+03  1.735991E+03  2.606301E+01  1.362097E+03  4.079957E+02
7.499439E+01  4.993497E+03  1.697665E+03  2.380350E+01  1.302289E+03  3.979944E+02
7.674123E+01  4.859361E+03  1.629479E+03  2.256381E+01  1.284044E+03  4.105683E+02
7.852877E+01  4.727608E+03  1.621940E+03  2.000430E+01  1.259362E+03  3.739441E+02
8.035794E+01  4.615329E+03  1.555919E+03  2.354760E+01  1.208258E+03  3.723186E+02
8.222971E+01  4.517652E+03  1.529836E+03  2.062359E+01  1.169900E+03  3.536404E+02
8.414509E+01  4.438791E+03  1.461069E+03  2.015414E+01  1.182306E+03  3.424083E+02
8.610508E+01  4.291312E+03  1.436933E+03  2.259786E+01  1.124710E+03  3.453947E+02
8.811073E+01  4.296956E+03  1.426308E+03  2.005746E+01  1.104173E+03  3.310494E+02
9.016309E+01  4.123712E+03  1.402751E+03  1.504715E+01  1.041619E+03  3.245037E+02
9.226326E+01  4.015914E+03  1.316839E+03  1.780035E+01  1.046545E+03  3.058952E+02
9.441234E+01  3.944354E+03  1.327327E+03  1.834055E+01  9.892555E+02  2.996884E+02
9.661149E+01  3.865841E+03  1.249072E+03  1.404282E+01  9.635961E+02  2.873235E+02
9.886186E+01  3.724756E+03  1.217028E+03  1.408430E+01  9.530378E+02  2.840334E+02
1.011646E+02  3.683203E+03  1.195148E+03  1.676349E+01  9.061105E+02  2.703333E+02
1.035211E+02  3.549010E+03  1.190706E+03  1.500237E+01  9.079023E+02  2.572821E+02
1.059324E+02  3.500411E+03  1.147930E+03  1.466088E+01  8.789786E+02  2.502460E+02
1.083999E+02  3.452680E+03  1.120318E+03  1.547992E+01  8.233998E+02  2.429029E+02
1.109248E+02  3.368455E+03  1.082585E+03  1.271358E+01  8.154393E+02  2.375347E+02
1.135086E+02  3.234534E+03  1.052438E+03  1.446867E+01  7.846107E+02  2.217481E+02
1.161526E+02  3.168130E+03  1.016494E+03  1.367826E+01  7.403164E+02  2.220796E+02
1.188581E+02  3.116891E+03  9.856963E+02  1.306652E+01  7.342784E+02  2.096651E+02
1.216267E+02  3.015267E+03  9.532787E+02  1.276909E+01  7.191787E+02  2.040119E+02
1.244597E+02  2.970727E+03  9.180970E+02  1.276529E+01  7.230319E+02  2.135676E+02
1.273587E+02  2.899181E+03  9.358842E+02  1.485753E+01  6.912956E+02  1.788510E+02
1.303253E+02  2.825927E+03  8.797893E+02  1.177983E+01  6.640539E+02  1.864227E+02
1.333610E+02  2.734295E+03  8.600305E+02  1.177941E+01  6.257810E+02  1.720061E+02
1.364674E+02  2.715745E+03  8.269804E+02  1.072641E+01  6.277569E+02  1.676983E+02
1.396461E+02  2.635519E+03  8.172321E+02  1.048225E+01  5.902019E+02  1.578729E+02
1.428989E+02  2.556414E+03  7.830144E+02  9.743957E+00  5.787660E+02  1.552787E+02
1.462274E+02  2.505304E+03  7.688531E+02  1.001047E+01  5.550929E+02  1.414895E+02
1.496335E+02  2.445652E+03  7.465799E+02  9.424706E+00  5.577279E+02  1.525848E+02
1.531189E+02  2.382754E+03  7.006727E+02  9.210174E+00  5.306925E+02  1.459638E+02
1.566855E+02  2.317236E+03  7.022688E+02  1.048162E+01  5.012950E+02  1.334128E+02
1.603352E+02  2.247678E+03  6.800483E+02  9.129660E+00  4.881028E+02  1.320461E+02
1.640699E+02  2.247543E+03  6.526002E+02  9.030646E+00  4.689408E+02  1.292579E+02
1.678915E+02  2.174267E+03  6.433805E+02  9.569368E+00  4.438060E+02  1.171716E+02
1.718022E+02  2.088927E+03  6.179291E+02  9.455448E+00  4.334959E+02  1.062959E+02
1.758040E+02  2.066458E+03  5.881245E+02  8.224808E+00  4.133727E+02  1.117965E+02
1.798990E+02  2.018030E+03  5.649135E+02  7.144523E+00  3.992994E+02  1.087555E+02
1.840894E+02  1.949694E+03  5.634000E+02  7.369777E+00  3.907921E+02  9.667983E+01
1.883774E+02  1.899533E+03  5.401515E+02  6.728203E+00  3.797170E+02  9.381579E+01
1.927653E+02  1.883520E+03  5.169286E+02  6.297231E+00  3.598682E+02  9.047640E+01
1.972553E+02  1.820646E+03  5.016324E+02  5.248905E+00  3.543916E+02  9.113185E+01
2.018500E+02  1.772659E+03  4.808394E+02  7.694138E+00  3.335895E+02  8.233612E+01
2.065517E+02  1.723579E+03  4.813887E+02  6.481895E+00  3.177857E+02  7.916555E+01
2.113629E+02  1.697521E+03  4.542995E+02  5.574227E+00  3.047244E+02  7.111363E+01
2.162862E+02  1.638825E+03  4.365302E+02  5.860020E+00  2.977055E+02  7.015517E+01
2.213241E+02  1.592487E+03  4.171567E+02  5.726629E+00  2.814921E+02  6.500934E+01
2.264794E+02  1.586189E+03  3.989908E+02  6.699766E+00  2.720893E+02  6.321427E+01
2.317548E+02  1.537759E+03  3.833614E+02  5.468889E+00  2.631999E+02  6.100507E+01
2.371531E+02  1.499142E+03  3.764416E+02  5.193855E+00  2.527676E+02  5.780986E+01
2.426771E+02  1.468107E+03  3.607374E+02  4.413590E+00  2.381867E+02  5.502276E+01
2.483298E+02  1.414633E+03  3.473503E+02  4.528781E+00  2.168064E+02  5.412971E+01
2.541141E+02  1.376882E+03  3.317162E+02  3.863700E+00  2.153837E+02  4.685615E+01
2.600332E+02  1.356456E+03  3.212821E+02  3.844402E+00  2.085588E+02  4.716257E+01
2.660901E+02  1.321889E+03  3.042412E+02  4.025242E+00  2.020001E+02  4.300300E+01
2.722882E+02  1.271935E+03  2.912843E+02  4.654779E+00  1.911082E+02  3.972952E+01
2.786306E+02  1.248236E+03  2.822833E+02  3.331533E+00  1.735600E+02  4.125975E+01
2.851207E+02  1.207488E+03  2.718508E+02  4.069622E+00  1.765590E+02  3.737791E+01
2.917620E+02  1.191322E+03  2.586877E+02  3.242773E+00  1.600584E+02  3.536459E+01
2.985580E+02  1.148060E+03  2.491519E+02  2.989584E+00  1.529471E+02  3.444001E+01
3.055124E+02  1.122511E+03  2.468111E+02  2.687810E+00  1.477127E+02  2.944905E+01
3.126287E+02  1.100557E+03  2.300012E+02  2.969232E+00  1.438364E+02  2.780800E+01
3.199107E+02  1.061723E+03  2.214735E+02  2.622639E+00  1.375491E+02  2.388276E+01
3.273624E+02  1.044044E+03  2.041628E+02  2.944656E+00  1.210581E+02  2.459333E+01
3.349876E+02  1.015216E+03  1.975971E+02  2.024997E+00  1.176630E+02  2.382036E+01
3.427905E+02  9.764841E+02  1.928909E+02  2.239284E+00  1.115997E+02  2.129924E+01
3.507751E+02  9.627045E+02  1.809683E+02  2.290094E+00  1.066166E+02  1.944035E+01
3.589457E+02  9.409896E+02  1.732185E+02  2.039035E+00  1.015539E+02  1.864971E+01
3.673066E+02  9.091695E+02  1.646585E+02  2.089821E+00  9.904782E+01  1.739898E+01
3.758623E+02  8.745110E+02  1.569209E+02  1.994757E+00  9.299368E+01  1.676546E+01
3.846173E+02  8.545119E+02  1.494966E+02  1.485220E+00  8.326513E+01  1.485220E+01
3.935762E+02  8.403222E+02  1.420116E+02  1.678195E+00  8.109765E+01  1.319878E+01
4.027437E+02  8.119747E+02  1.362969E+02  1.905940E+00  7.911867E+01  1.303131E+01
4.121248E+02  8.025015E+02  1.250078E+02  1.429403E+00  7.333270E+01  1.113202E+01
4.217245E+02  7.705196E+02  1.179717E+02  1.100561E+00  6.649928E+01  1.096328E+01
4.315477E+02  7.398675E+02  1.139212E+02  1.695995E+00  6.122129E+01  9.265924E+00
4.415997E+02  7.204794E+02  1.082154E+02  1.010603E+00  6.289995E+01  8.165675E+00
4.518859E+02  7.117430E+02  1.018807E+02  1.461647E+00  5.475250E+01  7.347738E+00
4.624117E+02  6.867785E+02  9.790164E+01  1.196747E+00  5.176897E+01  5.713503E+00
4.731826E+02  6.636758E+02  9.186280E+01  1.056328E+00  4.832700E+01  7.205666E+00
4.842045E+02  6.476470E+02  8.483154E+01  7.742122E-01  4.401950E+01  6.488636E+00
4.954830E+02  6.175928E+02  8.387330E+01  1.297010E+00  4.157637E+01  4.575562E+00
5.070243E+02  6.044853E+02  7.611959E+01  9.858226E-01  3.901041E+01  4.436202E+00
5.188344E+02  5.925491E+02  7.015489E+01  7.913499E-01  3.636769E+01  3.612684E+00
5.309196E+02  5.667885E+02  6.825536E+01  1.109570E+00  3.278275E+01  3.261463E+00
5.432863E+02  5.451794E+02  6.374446E+01  5.585855E-01  3.016362E+01  3.022933E+00
5.559411E+02  5.323843E+02  6.027053E+01  7.706408E-01  2.575225E+01  2.729353E+00
5.688906E+02  5.186968E+02  5.720413E+01  7.844780E-01  2.485226E+01  2.384813E+00
5.821418E+02  5.047126E+02  5.602467E+01  7.666211E-01  2.272265E+01  1.655901E+00
5.957016E+02  4.896280E+02  5.040420E+01  5.993365E-01  2.148621E+01  1.318540E+00
6.095773E+02  4.754956E+02  4.562556E+01  5.564092E-01  1.932790E+01  1.786367E+00
6.237762E+02  4.608086E+02  4.135315E+01  4.292714E-01  1.631231E+01  1.287814E+00
6.383058E+02  4.359724E+02  3.988047E+01  4.474667E-01  1.457063E+01  1.286467E+00
6.531738E+02  4.295194E+02  3.610302E+01  5.192713E-01  1.415698E+01  9.292224E-01
6.683882E+02  4.153355E+02  3.485389E+01  3.472035E-01  1.217883E+01  8.813627E-01
6.839570E+02  4.011833E+02  3.259892E+01  3.132002E-01  1.122301E+01  8.091004E-01
6.998884E+02  3.890926E+02  2.956134E+01  3.570827E-01  9.921797E+00  7.141653E-01
7.161909E+02  3.796126E+02  2.509980E+01  2.741785E-01  7.452671E+00  5.483570E-01
7.328731E+02  3.653692E+02  2.486947E+01  2.922954E-01  7.697112E+00  5.115169E-01
7.499439E+02  3.460790E+02  2.239909E+01  3.332489E-01  6.498354E+00  5.474804E-01
7.674123E+02  3.287803E+02  1.953980E+01  1.860933E-01  5.908462E+00  4.187099E-01
7.852877E+02  3.258883E+02  1.804934E+01  1.818573E-01  4.887415E+00  3.637146E-01
8.035794E+02  3.079404E+02  1.683875E+01  8.885886E-02  3.887575E+00  3.554354E-01
8.222971E+02  2.965021E+02  1.493582E+01  2.170905E-02  4.385227E+00  4.124719E-01
8.414509E+02  2.895620E+02  1.330173E+01  6.364466E-02  3.415597E+00  3.818680E-01
8.610508E+02  2.754243E+02  1.154771E+01  1.243919E-01  2.985405E+00  2.902477E-01
8.811073E+02  2.629958E+02  1.031237E+01  1.823405E-01  2.735108E+00  2.228607E-01
9.016309E+02  2.546137E+02  9.602459E+00  3.959777E-02  2.415464E+00  2.177877E-01
9.226326E+02  2.479473E+02  8.319729E+00  7.739283E-02  2.321785E+00  2.128303E-01
9.441234E+02  2.350616E+02  6.806804E+00  3.781558E-02  1.834055E+00  1.323545E-01
9.661149E+02  2.283991E+02  6.208405E+00  5.543218E-02  1.736875E+00  2.217287E-01
9.886186E+02  2.167357E+02  5.597607E+00  5.417039E-02  1.643169E+00  1.625112E-01
