# Er [keV]  dR/dEr H1 [1/keV/kg/Myr]  B10  B11  O16  Sr86  Sr87  Sr88
1.011646E-03  4.629025E+08  1.212421E+06  1.357912E+07  3.006805E+07  8.891090E+05  2.222772E+05  4.405131E+06
1.035211E-03  4.514966E+08  1.402041E+06  1.315154E+07  3.106212E+07  8.688704E+05  2.567117E+05  3.376746E+06
1.059324E-03  4.455613E+08  1.370127E+06  1.258201E+07  3.049014E+07  8.297949E+05  3.473560E+05  3.203394E+06
1.083999E-03  4.362300E+08  1.263505E+06  1.301222E+07  2.945665E+07  6.223236E+05  3.771658E+05  3.526500E+06
1.109248E-03  4.221168E+08  1.271603E+06  1.336104E+07  2.911786E+07  6.450158E+05  4.054385E+05  3.354082E+06
1.135086E-03  4.120040E+08  1.530810E+06  1.375928E+07  2.998586E+07  7.023716E+05  3.241715E+05  3.655934E+06
1.161526E-03  4.074479E+08  1.460765E+06  1.388607E+07  2.933850E+07  5.807862E+05  5.103878E+05  3.044727E+06
1.188581E-03  3.999447E+08  1.169530E+06  1.332920E+07  2.994340E+07  7.223565E+05  5.159690E+05  3.319400E+06
1.216267E-03  3.872777E+08  1.176523E+06  1.334513E+07  2.983326E+07  6.891062E+05  3.697643E+05  3.210227E+06
1.244597E-03  3.774603E+08  1.445390E+06  1.404328E+07  2.954837E+07  4.763216E+05  3.777723E+05  2.759381E+06
1.273587E-03  3.679533E+08  1.316183E+06  1.354705E+07  3.036851E+07  8.507034E+05  3.370712E+05  3.033641E+06
1.303253E-03  3.616011E+08  1.145052E+06  1.331711E+07  3.033603E+07  6.117401E+05  2.666559E+05  3.576327E+06
1.333610E-03  3.524963E+08  1.379573E+06  1.325923E+07  3.048857E+07  4.445292E+05  3.219005E+05  2.912433E+06
1.364674E-03  3.467644E+08  1.333191E+06  1.307725E+07  3.028890E+07  6.441259E+05  2.696341E+05  2.711321E+06
1.396461E-03  3.358116E+08  1.507785E+06  1.358471E+07  3.128289E+07  4.684382E+05  3.074126E+05  3.279067E+06
1.428989E-03  3.297984E+08  1.387631E+06  1.440561E+07  3.064233E+07  6.008300E+05  2.718040E+05  2.675124E+06
1.462274E-03  3.191039E+08  1.411964E+06  1.332279E+07  2.867266E+07  5.871534E+05  3.355163E+05  2.390553E+06
1.496335E-03  3.153786E+08  1.352501E+06  1.330642E+07  2.979600E+07  5.054801E+05  2.868941E+05  2.390784E+06
1.531189E-03  3.083198E+08  1.562026E+06  1.339070E+07  3.033267E+07  4.806233E+05  3.204155E+05  2.696831E+06
1.566855E-03  2.989924E+08  1.278581E+06  1.315112E+07  2.982487E+07  4.827297E+05  2.217947E+05  2.544116E+06
1.603352E-03  2.948257E+08  1.504473E+06  1.336176E+07  2.909497E+07  3.314940E+05  3.187442E+05  2.588203E+06
1.640699E-03  2.834672E+08  1.619741E+06  1.412913E+07  3.000259E+07  4.111651E+05  1.868932E+05  2.230259E+06
1.678915E-03  2.804240E+08  1.388057E+06  1.360052E+07  2.973363E+07  3.165743E+05  2.069909E+05  2.094261E+06
1.718022E-03  2.726248E+08  1.356461E+06  1.245802E+07  3.024669E+07  4.640523E+05  2.379755E+05  2.689124E+06
1.758040E-03  2.643726E+08  1.558142E+06  1.332561E+07  2.995354E+07  4.883730E+05  3.255820E+05  2.418609E+06
1.798990E-03  2.627750E+08  1.204504E+06  1.341999E+07  2.827175E+07  3.295341E+05  1.818119E+05  2.386281E+06
1.840894E-03  2.567269E+08  1.543537E+06  1.294795E+07  3.085964E+07  4.774971E+05  1.998825E+05  2.431904E+06
1.883774E-03  2.479314E+08  1.540958E+06  1.298962E+07  3.026571E+07  5.100352E+05  1.627772E+05  2.387399E+06
1.927653E-03  2.437724E+08  1.484671E+06  1.408317E+07  3.037214E+07  4.347966E+05  2.439103E+05  2.227007E+06
1.972553E-03  2.393220E+08  1.606327E+06  1.325479E+07  3.059276E+07  3.938093E+05  1.865412E+05  2.114134E+06
2.018500E-03  2.347150E+08  1.519125E+06  1.308473E+07  2.977485E+07  4.354826E+05  1.519125E+05  2.015373E+06
2.065517E-03  2.298770E+08  1.385576E+06  1.321246E+07  2.921586E+07  3.463940E+05  1.682485E+05  1.840837E+06
2.113629E-03  2.244122E+08  1.325021E+06  1.326956E+07  3.052385E+07  2.611356E+05  2.127772E+05  2.031055E+06
2.162862E-03  2.180564E+08  1.323215E+06  1.278793E+07  2.961166E+07  3.875129E+05  1.701276E+05  1.871404E+06
2.213241E-03  2.125294E+08  1.727205E+06  1.404855E+07  2.973194E+07  3.879284E+05  1.847278E+05  1.985824E+06
2.264794E-03  2.084588E+08  1.408079E+06  1.325038E+07  2.920861E+07  3.610458E+05  2.256536E+05  2.039909E+06
2.317548E-03  2.022054E+08  1.411310E+06  1.364560E+07  2.919647E+07  2.557999E+05  1.852344E+05  1.878806E+06
2.371531E-03  1.975423E+08  1.361944E+06  1.359359E+07  2.829914E+07  4.740946E+05  6.033931E+04  1.844659E+06
2.426771E-03  1.944946E+08  1.592077E+06  1.305672E+07  2.833729E+07  2.948291E+05  2.021685E+05  1.667890E+06
2.483298E-03  1.885197E+08  1.564069E+06  1.285006E+07  2.721480E+07  2.551902E+05  1.811027E+05  1.489982E+06
2.541141E-03  1.846307E+08  1.681313E+06  1.365162E+07  2.659532E+07  2.815596E+05  1.448021E+05  1.713491E+06
2.600332E-03  1.823069E+08  1.462229E+06  1.382042E+07  2.564403E+07  2.672891E+05  1.729518E+05  1.595873E+06
2.660901E-03  1.776193E+08  1.398214E+06  1.370557E+07  2.494506E+07  3.072998E+05  2.227924E+05  1.690149E+06
2.722882E-03  1.725777E+08  1.433956E+06  1.360381E+07  2.492530E+07  3.228277E+05  1.501524E+05  1.636661E+06
2.786306E-03  1.683852E+08  1.467345E+06  1.363897E+07  2.373431E+07  2.274385E+05  1.247243E+05  1.870865E+06
2.851207E-03  1.655489E+08  1.441114E+06  1.378738E+07  2.378914E+07  2.079219E+05  2.079219E+05  1.591678E+06
2.917620E-03  1.610028E+08  1.513408E+06  1.303913E+07  2.291132E+07  2.872673E+05  1.401304E+05  1.506402E+06
2.985580E-03  1.577077E+08  1.410488E+06  1.322846E+07  2.286908E+07  2.944224E+05  1.917169E+05  1.431030E+06
3.055124E-03  1.556568E+08  1.385073E+06  1.269985E+07  2.219462E+07  2.208087E+05  1.672793E+05  1.639338E+06
3.126287E-03  1.509889E+08  1.327389E+06  1.348314E+07  2.207521E+07  2.288602E+05  1.307773E+05  1.392778E+06
3.199107E-03  1.471047E+08  1.341905E+06  1.313788E+07  2.134906E+07  2.875510E+05  1.150204E+05  1.476095E+06
3.273624E-03  1.423886E+08  1.367560E+06  1.282634E+07  2.035104E+07  2.248044E+05  1.311359E+05  1.230180E+06
3.349876E-03  1.399591E+08  1.391352E+06  1.266863E+07  2.011969E+07  2.074824E+05  1.525606E+05  1.336431E+06
3.427905E-03  1.364810E+08  1.419317E+06  1.198070E+07  1.967364E+07  2.087230E+05  1.669784E+05  1.467025E+06
3.507751E-03  1.346681E+08  1.270454E+06  1.127091E+07  1.897522E+07  2.389385E+05  1.398665E+05  1.375353E+06
3.589457E-03  1.308224E+08  1.252925E+06  1.152691E+07  1.875970E+07  1.594632E+05  1.537680E+05  1.270010E+06
3.673066E-03  1.281284E+08  1.313452E+06  1.084155E+07  1.882244E+07  2.560119E+05  8.904762E+04  1.235536E+06
3.758623E-03  1.234007E+08  1.196534E+06  1.106250E+07  1.854628E+07  1.686025E+05  9.789823E+04  1.305310E+06
3.846173E-03  1.223245E+08  1.174612E+06  1.068844E+07  1.764045E+07  1.647646E+05  7.972483E+04  1.179927E+06
3.935762E-03  1.198828E+08  1.101129E+06  9.884191E+06  1.708827E+07  1.869842E+05  1.610141E+05  1.137487E+06
4.027437E-03  1.176209E+08  1.167428E+06  1.049163E+07  1.670945E+07  1.725763E+05  1.471975E+05  1.055761E+06
4.121248E-03  1.145318E+08  1.056530E+06  9.667500E+06  1.608604E+07  1.636878E+05  1.091252E+05  1.170616E+06
4.217245E-03  1.111201E+08  1.134275E+06  9.859463E+06  1.612221E+07  2.229770E+05  9.209921E+04  1.173053E+06
4.315477E-03  1.091781E+08  1.037400E+06  9.374500E+06  1.550890E+07  2.131645E+05  1.042137E+05  1.037400E+06
4.415997E-03  1.074660E+08  9.906405E+05  9.452748E+06  1.531789E+07  1.759081E+05  1.157290E+05  1.018416E+06
4.518859E-03  1.045945E+08  9.364243E+05  9.337100E+06  1.520898E+07  1.673802E+05  1.130947E+05  1.040471E+06
4.624117E-03  1.008697E+08  9.725793E+05  8.938888E+06  1.476552E+07  2.121991E+05  1.016787E+05  1.153833E+06
4.731826E-03  9.856934E+07  1.015243E+06  8.765655E+06  1.423069E+07  1.555267E+05  9.504406E+04  1.105967E+06
4.842045E-03  9.761751E+07  9.414715E+05  8.608343E+06  1.450626E+07  1.773175E+05  9.710244E+04  1.059683E+06
4.954830E-03  9.526756E+07  9.489212E+05  8.234986E+06  1.352419E+07  1.609040E+05  7.838914E+04  1.118077E+06
5.070243E-03  9.363121E+07  8.426527E+05  8.103980E+06  1.322037E+07  2.056234E+05  9.676394E+04  9.595758E+05
5.188344E-03  9.030607E+07  9.653136E+05  7.962852E+06  1.293520E+07  1.300218E+05  1.142616E+05  9.850138E+05
5.309196E-03  8.863934E+07  9.240885E+05  8.105026E+06  1.274857E+07  1.309125E+05  7.700737E+04  1.074253E+06
5.432863E-03  8.702427E+07  8.353246E+05  7.709821E+06  1.212726E+07  1.316953E+05  9.406809E+04  9.594945E+05
5.559411E-03  8.446973E+07  7.685084E+05  7.596834E+06  1.202035E+07  1.764995E+05  6.986440E+04  8.052791E+05
5.688906E-03  8.305723E+07  8.588162E+05  7.305328E+06  1.211326E+07  1.437349E+05  1.149879E+05  9.055300E+05
5.821418E-03  8.152128E+07  8.708713E+05  7.219804E+06  1.199906E+07  1.229052E+05  1.088589E+05  8.392671E+05
5.957016E-03  7.895528E+07  7.412353E+05  6.911332E+06  1.135531E+07  1.544240E+05  7.206454E+04  8.441846E+05
6.095773E-03  7.686628E+07  8.149080E+05  7.065890E+06  1.131146E+07  1.374948E+05  6.371709E+04  7.914333E+05
6.237762E-03  7.526734E+07  6.783794E+05  6.580608E+06  1.108020E+07  1.245334E+05  6.554391E+04  8.750111E+05
6.383058E-03  7.403444E+07  7.237870E+05  6.654997E+06  1.061981E+07  1.281039E+05  8.006493E+04  7.045714E+05
6.531738E-03  7.253073E+07  7.010522E+05  6.268783E+06  1.024350E+07  1.627443E+05  1.095394E+05  8.731855E+05
6.683882E-03  7.033533E+07  7.065035E+05  6.095504E+06  1.016019E+07  1.162214E+05  1.009291E+05  7.401465E+05
6.839570E-03  6.893156E+07  6.575443E+05  5.944798E+06  1.000364E+07  1.494419E+05  7.472094E+04  7.621536E+05
6.998884E-03  6.778893E+07  6.425767E+05  5.765666E+06  9.764246E+06  1.285153E+05  7.886169E+04  6.951512E+05
7.161909E-03  6.505276E+07  5.423204E+05  5.939835E+06  9.673283E+06  1.255900E+05  7.992090E+04  7.849374E+05
7.328731E-03  6.404337E+07  6.722323E+05  5.712580E+06  9.291310E+06  1.283099E+05  8.368037E+04  8.312250E+05
7.499439E-03  6.265644E+07  6.323977E+05  5.596175E+06  9.382384E+06  8.722727E+04  7.087216E+04  7.168992E+05
7.674123E-03  6.147528E+07  6.366492E+05  5.394204E+06  8.929072E+06  1.145436E+05  7.192272E+04  7.352100E+05
7.852877E-03  6.007333E+07  6.013320E+05  5.388559E+06  8.832552E+06  8.330140E+04  4.946021E+04  6.794270E+05
8.035794E-03  5.877966E+07  5.851001E+05  5.281164E+06  8.585708E+06  1.373713E+05  7.631740E+04  6.741370E+05
8.222971E-03  5.683260E+07  6.090717E+05  5.208184E+06  8.270945E+06  1.118703E+05  6.463618E+04  6.612778E+05
8.414509E-03  5.511379E+07  6.024958E+05  4.885560E+06  8.366917E+06  1.093238E+05  7.774139E+04  6.608018E+05
8.610508E-03  5.431270E+07  5.056872E+05  4.964281E+06  8.076750E+06  1.020871E+05  5.697883E+04  6.647531E+05
8.811073E-03  5.270286E+07  5.127369E+05  4.723676E+06  7.992664E+06  9.280306E+04  5.568184E+04  7.029832E+05
9.016309E-03  5.102254E+07  5.260055E+05  4.747653E+06  7.572666E+06  7.708702E+04  6.121616E+04  6.302997E+05
9.226326E-03  4.981238E+07  5.251105E+05  4.528801E+06  7.759227E+06  1.085671E+05  6.646968E+04  5.694236E+05
9.441234E-03  4.882791E+07  4.676878E+05  4.540469E+06  7.214518E+06  7.361753E+04  4.546965E+04  5.954359E+05
9.661149E-03  4.749639E+07  5.035925E+05  4.424420E+06  7.164556E+06  8.675333E+04  5.924618E+04  5.776503E+05
9.886186E-03  4.646694E+07  4.921294E+05  4.259607E+06  7.042826E+06  6.203311E+04  7.443974E+04  6.203311E+05
1.011646E-02  4.476462E+07  4.667822E+05  4.308137E+06  6.801684E+06  6.466247E+04  6.062107E+04  6.082314E+05
1.035211E-02  4.434004E+07  4.976258E+05  4.040247E+06  6.950963E+06  7.701351E+04  6.516528E+04  5.667405E+05
1.059324E-02  4.257813E+07  4.187570E+05  3.954069E+06  6.655727E+06  8.297949E+04  6.175218E+04  6.213813E+05
1.083999E-02  4.181637E+07  4.922014E+05  3.877265E+06  6.530626E+06  8.863397E+04  6.034653E+04  5.148313E+05
1.109248E-02  4.093270E+07  4.128101E+05  3.669219E+06  6.264025E+06  1.032025E+05  6.081578E+04  5.897287E+05
1.135086E-02  3.968399E+07  3.818020E+05  3.713565E+06  6.305136E+06  7.924192E+04  3.061620E+04  5.438877E+05
1.161526E-02  3.918547E+07  4.100702E+05  3.724071E+06  5.945138E+06  8.271803E+04  7.039832E+04  5.315073E+05
1.188581E-02  3.809227E+07  4.110553E+05  3.555026E+06  5.909564E+06  7.051576E+04  6.191628E+04  5.383276E+05
1.216267E-02  3.693273E+07  4.067408E+05  3.506038E+06  6.099431E+06  7.395286E+04  4.201867E+04  5.428813E+05
1.244597E-02  3.646489E+07  3.564200E+05  3.422946E+06  5.594316E+06  7.062700E+04  4.270470E+04  5.042439E+05
1.273587E-02  3.564287E+07  3.675681E+05  3.198966E+06  5.616248E+06  6.580913E+04  4.815303E+04  4.943711E+05
1.303253E-02  3.481742E+07  3.670440E+05  3.325356E+06  5.362921E+06  6.274257E+04  5.176262E+04  5.317433E+05
1.333610E-02  3.439277E+07  3.832148E+05  3.225136E+06  5.391066E+06  6.438009E+04  6.131438E+04  4.751864E+05
1.364674E-02  3.326985E+07  3.759898E+05  3.169699E+06  5.212926E+06  5.842072E+04  5.842072E+04  4.568800E+05
1.396461E-02  3.283605E+07  2.957016E+05  2.968727E+06  5.067916E+06  6.001864E+04  5.562704E+04  4.333053E+05
1.428989E-02  3.150638E+07  3.590675E+05  3.145774E+06  5.059847E+06  5.006917E+04  4.005533E+04  4.334559E+05
1.462274E-02  3.132184E+07  3.243324E+05  2.877052E+06  4.811862E+06  6.710325E+04  3.774558E+04  4.753147E+05
1.496335E-02  3.017306E+07  3.224143E+05  2.879870E+06  4.752879E+06  5.054801E+04  5.737882E+04  4.358058E+05
1.531189E-02  2.950360E+07  3.217506E+05  2.755574E+06  4.589953E+06  4.405714E+04  4.405714E+04  4.379012E+05
1.566855E-02  2.888811E+07  2.948565E+05  2.754169E+06  4.571581E+06  4.566362E+04  4.435895E+04  3.900978E+05
1.603352E-02  2.850466E+07  3.085444E+05  2.613703E+06  4.351496E+06  5.737396E+04  5.099908E+04  4.373171E+05
1.640699E-02  2.759043E+07  2.965373E+05  2.520567E+06  4.183917E+06  5.357606E+04  5.357606E+04  4.273625E+05
1.678915E-02  2.685159E+07  2.556946E+05  2.440057E+06  4.195827E+06  4.748615E+04  4.139818E+04  4.212874E+05
1.718022E-02  2.638673E+07  2.796213E+05  2.410692E+06  4.230015E+06  5.949388E+04  2.498743E+04  4.212167E+05
1.758040E-02  2.575935E+07  2.767447E+05  2.326748E+06  4.174426E+06  4.418613E+04  4.302333E+04  4.139542E+05
1.798990E-02  2.523322E+07  2.772631E+05  2.454461E+06  4.056678E+06  4.772562E+04  4.431665E+04  4.136221E+05
1.840894E-02  2.442453E+07  2.787251E+05  2.275329E+06  4.007645E+06  6.440659E+04  4.219742E+04  4.308579E+05
1.883774E-02  2.397817E+07  2.517621E+05  2.306010E+06  3.754727E+06  3.038508E+04  3.798135E+04  4.101985E+05
1.927653E-02  2.350023E+07  2.831481E+05  2.164439E+06  3.732888E+06  3.923775E+04  3.817727E+04  3.732888E+05
1.972553E-02  2.301297E+07  2.580487E+05  2.143151E+06  3.711134E+06  4.456263E+04  4.352629E+04  3.596100E+05
2.018500E-02  2.239900E+07  2.187540E+05  2.138928E+06  3.619569E+06  3.747176E+04  3.443351E+04  3.392713E+05
2.065517E-02  2.201383E+07  2.573213E+05  2.113993E+06  3.544106E+06  3.562910E+04  3.562910E+04  3.840025E+05
2.113629E-02  2.139281E+07  2.350220E+05  2.014613E+06  3.434417E+06  4.545694E+04  4.255543E+04  3.501151E+05
2.162862E-02  2.111945E+07  2.221111E+05  1.955522E+06  3.359075E+06  4.347706E+04  4.253190E+04  3.582132E+05
2.213241E-02  2.081698E+07  2.152079E+05  1.960886E+06  3.257675E+06  3.879284E+04  2.401462E+04  3.685320E+05
2.264794E-02  2.011657E+07  2.103092E+05  1.901809E+06  3.261146E+06  4.513073E+04  3.429935E+04  3.628510E+05
2.317548E-02  1.973275E+07  2.072861E+05  1.908796E+06  3.163098E+06  2.910826E+04  3.175447E+04  3.351860E+05
2.371531E-02  1.913877E+07  2.223935E+05  1.858451E+06  3.075581E+06  3.878956E+04  3.620359E+04  3.422101E+05
2.426771E-02  1.856244E+07  2.080651E+05  1.859108E+06  2.949133E+06  4.043371E+04  2.948291E+04  3.352628E+05
2.483298E-02  1.817037E+07  2.033290E+05  1.713890E+06  2.944566E+06  3.210458E+04  3.457416E+04  3.523271E+05
2.541141E-02  1.791363E+07  1.874383E+05  1.685335E+06  2.932242E+06  2.976487E+04  3.378715E+04  3.402849E+05
2.600332E-02  1.760335E+07  1.815994E+05  1.724801E+06  2.825403E+06  3.380421E+04  3.773493E+04  3.301806E+05
2.660901E-02  1.709816E+07  1.751609E+05  1.589508E+06  2.764930E+06  3.918073E+04  2.612049E+04  3.065316E+05
2.722882E-02  1.669019E+07  1.516539E+05  1.591616E+06  2.750041E+06  3.378429E+04  3.303353E+04  3.070617E+05
2.786306E-02  1.625085E+07  1.804835E+05  1.531908E+06  2.570789E+06  2.274385E+04  2.934691E+04  2.949364E+05
2.851207E-02  1.597342E+07  1.713564E+05  1.524283E+06  2.614081E+06  2.724494E+04  2.294311E+04  2.681476E+05
2.917620E-02  1.564696E+07  1.737617E+05  1.507102E+06  2.523748E+06  2.662477E+04  2.732543E+04  2.928725E+05
2.985580E-02  1.533393E+07  1.554276E+05  1.500185E+06  2.523816E+06  3.697397E+04  2.327991E+04  2.868906E+05
3.055124E-02  1.482563E+07  1.625955E+05  1.453992E+06  2.436926E+06  3.011028E+04  3.011028E+04  2.997646E+05
3.126287E-02  1.452086E+07  1.595483E+05  1.405856E+06  2.444227E+06  4.119484E+04  2.615546E+04  2.556696E+05
3.199107E-02  1.412195E+07  1.629455E+05  1.368743E+06  2.340665E+06  3.258911E+04  2.683809E+04  2.702979E+05
3.273624E-02  1.404403E+07  1.548653E+05  1.291376E+06  2.328599E+06  2.622718E+04  2.622718E+04  2.841278E+05
3.349876E-02  1.359376E+07  1.403557E+05  1.312021E+06  2.273763E+06  2.563018E+04  3.112236E+04  2.526403E+05
3.427905E-02  1.337139E+07  1.383535E+05  1.239218E+06  2.215446E+06  2.802852E+04  2.743217E+04  2.564311E+05
3.507751E-02  1.288578E+07  1.474426E+05  1.224414E+06  2.163851E+06  3.030440E+04  2.097997E+04  2.669118E+05
3.589457E-02  1.243813E+07  1.332656E+05  1.225019E+06  2.086689E+06  2.619752E+04  2.790605E+04  2.471679E+05
3.673066E-02  1.236871E+07  1.319018E+05  1.193238E+06  2.126012E+06  2.337500E+04  2.114881E+04  2.476637E+05
3.758623E-02  1.203713E+07  1.250922E+05  1.223728E+06  2.024318E+06  2.393068E+04  2.284292E+04  2.545354E+05
3.846173E-02  1.196138E+07  1.286227E+05  1.137939E+06  1.988869E+06  2.710644E+04  2.338595E+04  2.577769E+05
3.935762E-02  1.152861E+07  1.262143E+05  1.087105E+06  1.934767E+06  1.765962E+04  2.389242E+04  2.420406E+05
4.027437E-02  1.129512E+07  1.192807E+05  1.093322E+06  1.893264E+06  2.639403E+04  2.588645E+04  2.685085E+05
4.121248E-02  1.105141E+07  1.240059E+05  1.063971E+06  1.795605E+06  2.777732E+04  2.331311E+04  2.286669E+05
4.217245E-02  1.073634E+07  1.168206E+05  1.054294E+06  1.830351E+06  2.472137E+04  2.472137E+04  2.370343E+05
4.315477E-02  1.051090E+07  1.236354E+05  1.027453E+06  1.774476E+06  2.747453E+04  1.800056E+04  2.340072E+05
4.415997E-02  1.031562E+07  1.166549E+05  9.415714E+05  1.698902E+06  2.314581E+04  1.990539E+04  2.286806E+05
4.518859E-02  1.000843E+07  1.094757E+05  9.622099E+05  1.696873E+06  2.035705E+04  2.126181E+04  2.080943E+05
4.624117E-02  9.806693E+06  1.175937E+05  9.800946E+05  1.665763E+06  2.785113E+04  1.370453E+04  2.192724E+05
4.731826E-02  9.614571E+06  1.054125E+05  9.271116E+05  1.667591E+06  2.462505E+04  1.944083E+04  2.224895E+05
4.842045E-02  9.417670E+06  1.030130E+05  9.241619E+05  1.615700E+06  2.279796E+04  1.984267E+04  2.157363E+05
4.954830E-02  9.178131E+06  9.984301E+04  9.274673E+05  1.586761E+06  2.145387E+04  1.980357E+04  2.170142E+05
5.070243E-02  8.977678E+06  8.870028E+04  8.986951E+05  1.516775E+06  1.653051E+04  2.499735E+04  1.919152E+05
5.188344E-02  8.758743E+06  1.032294E+05  8.924225E+05  1.503525E+06  1.694224E+04  2.127630E+04  2.222191E+05
5.309196E-02  8.601339E+06  8.509315E+04  8.674881E+05  1.503184E+06  2.156206E+04  2.079199E+04  1.932885E+05
5.432863E-02  8.393508E+06  8.089856E+04  8.631688E+05  1.454669E+06  1.768480E+04  1.617971E+04  1.783531E+05
5.559411E-02  8.140673E+06  9.486850E+04  8.365342E+05  1.423395E+06  1.838537E+04  1.728225E+04  2.066515E+05
5.688906E-02  7.955728E+06  7.869487E+04  7.808400E+05  1.387761E+06  1.796687E+04  1.760753E+04  1.965575E+05
5.821418E-02  7.770420E+06  8.708713E+04  7.936166E+05  1.374432E+06  1.720673E+04  2.247410E+04  1.994576E+05
5.957016E-02  7.593887E+06  9.025226E+04  7.923668E+05  1.284465E+06  1.681506E+04  1.612873E+04  1.866815E+05
6.095773E-02  7.422035E+06  8.014939E+04  7.656111E+05  1.311901E+06  1.240806E+04  1.609695E+04  1.747190E+05
6.237762E-02  7.310440E+06  8.455164E+04  7.216384E+05  1.298752E+06  1.769685E+04  2.031861E+04  1.822121E+05
6.383058E-02  7.144354E+06  8.006493E+04  6.802316E+05  1.280398E+06  1.665351E+04  2.305870E+04  1.706984E+05
6.531738E-02  6.936035E+06  7.980728E+04  6.922890E+05  1.278168E+06  1.627443E+04  1.721333E+04  1.802706E+05
6.683882E-02  6.809348E+06  7.370880E+04  6.875410E+05  1.251215E+06  1.682151E+04  1.468059E+04  1.835074E+05
6.839570E-02  6.576339E+06  7.980196E+04  6.641197E+05  1.206893E+06  1.882968E+04  1.434642E+04  1.775370E+05
6.998884E-02  6.488273E+06  7.652505E+04  6.636065E+05  1.184094E+06  1.548026E+04  1.255945E+04  1.705749E+05
7.161909E-02  6.280926E+06  6.964535E+04  6.616309E+05  1.169985E+06  1.626961E+04  1.883850E+04  1.581292E+05
7.328731E-02  6.280212E+06  7.391766E+04  6.231398E+05  1.095934E+06  1.478353E+04  1.813075E+04  1.584348E+05
7.499439E-02  6.166696E+06  6.623821E+04  6.078651E+05  1.079438E+06  1.799063E+04  1.580994E+04  1.657318E+05
7.674123E-02  5.888073E+06  6.686149E+04  6.028189E+05  1.067386E+06  1.331902E+04  1.758111E+04  1.654222E+05
7.852877E-02  5.753003E+06  6.638080E+04  5.794654E+05  1.061052E+06  1.275553E+04  1.639996E+04  1.629584E+05
8.035794E-02  5.673181E+06  6.537857E+04  5.950213E+05  1.051399E+06  1.195639E+04  1.526348E+04  1.539068E+05
8.222971E-02  5.558711E+06  6.314457E+04  5.558711E+05  1.004595E+06  1.267863E+04  1.441884E+04  1.397136E+05
8.414509E-02  5.344721E+06  5.927781E+04  5.667833E+05  9.853721E+05  1.506239E+04  1.724887E+04  1.494092E+05
8.610508E-02  5.351262E+06  6.196448E+04  5.434356E+05  9.722014E+05  1.519436E+04  1.282024E+04  1.448212E+05
8.811073E-02  5.166579E+06  6.658620E+04  5.282814E+05  9.788403E+05  1.252841E+04  1.624054E+04  1.473249E+05
9.016309E-02  5.012243E+06  5.917562E+04  5.307668E+05  9.370607E+05  1.428377E+04  1.451050E+04  1.453317E+05
9.226326E-02  4.944236E+06  5.494827E+04  5.177988E+05  9.106346E+05  1.240767E+04  1.196454E+04  1.242983E+05
9.441234E-02  4.797914E+06  5.196531E+04  5.146731E+05  8.779973E+05  1.364090E+04  1.342437E+04  1.340272E+05
9.661149E-02  4.717900E+06  5.332156E+04  4.991491E+05  8.749391E+05  1.375358E+04  1.565792E+04  1.362662E+05
9.886186E-02  4.567291E+06  5.293492E+04  4.898548E+05  8.694975E+05  1.137274E+04  1.468117E+04  1.321305E+05
1.011646E-01  4.488788E+06  5.031549E+04  4.829478E+05  8.862800E+05  1.192214E+04  1.656976E+04  1.301332E+05
1.035211E-01  4.424328E+06  5.035499E+04  4.567494E+05  8.457663E+05  1.066341E+04  1.145329E+04  1.273685E+05
1.059324E-01  4.318407E+06  4.824389E+04  4.673868E+05  8.164796E+05  9.069852E+03  1.312234E+04  1.250482E+05
1.083999E-01  4.165419E+06  5.280321E+04  4.405297E+05  7.984600E+05  8.674814E+03  1.056064E+04  1.218246E+05
1.109248E-01  4.136026E+06  4.680972E+04  4.574084E+05  7.917108E+05  1.290032E+04  1.326890E+04  1.242116E+05
1.135086E-01  4.005679E+06  5.204753E+04  4.257452E+05  7.832344E+05  1.062562E+04  1.530810E+04  1.246259E+05
1.161526E-01  3.864164E+06  4.628690E+04  4.107742E+05  7.662857E+05  1.108774E+04  1.284769E+04  1.170372E+05
1.188581E-01  3.808023E+06  3.990160E+04  4.160430E+05  7.570985E+05  1.014739E+04  1.152331E+04  1.128252E+05
1.216267E-01  3.741175E+06  4.319520E+04  4.099342E+05  7.339822E+05  9.244108E+03  1.008448E+04  1.060551E+05
1.244597E-01  3.594914E+06  4.549693E+04  4.015884E+05  7.228592E+05  8.376691E+03  1.116892E+04  1.144814E+05
1.273587E-01  3.568460E+06  3.900395E+04  3.831376E+05  7.133068E+05  9.630605E+03  8.828055E+03  1.073812E+05
1.303253E-01  3.536014E+06  4.564522E+04  3.901019E+05  6.948740E+05  1.129366E+04  1.082309E+04  1.107406E+05
1.333610E-01  3.409846E+06  4.016092E+04  3.753973E+05  6.749180E+05  9.963586E+03  9.503728E+03  1.103659E+05
1.364674E-01  3.360540E+06  3.969613E+04  3.518725E+05  6.770812E+05  8.238820E+03  1.468008E+04  1.174406E+05
1.396461E-01  3.269991E+06  4.069557E+04  3.491328E+05  6.493724E+05  8.197668E+03  8.929603E+03  1.045203E+05
1.428989E-01  3.230033E+06  3.833868E+04  3.522008E+05  6.471797E+05  6.580519E+03  1.087216E+04  9.942306E+04
1.462274E-01  3.107160E+06  3.774558E+04  3.447429E+05  6.286736E+05  8.527705E+03  1.118388E+04  1.006549E+05
1.496335E-01  2.998863E+06  3.866240E+04  3.373055E+05  6.144998E+05  9.016672E+03  8.606823E+03  1.053311E+05
1.531189E-01  2.953030E+06  3.978493E+04  3.222846E+05  6.172004E+05  6.007791E+03  1.028000E+04  9.505661E+04
1.566855E-01  2.882027E+06  4.057539E+04  3.171665E+05  6.005419E+05  7.567115E+03  1.291628E+04  1.041131E+05
1.603352E-01  2.876348E+06  3.710183E+04  3.104569E+05  5.855969E+05  8.797341E+03  8.414848E+03  9.243583E+04
1.640699E-01  2.791811E+06  3.339159E+04  3.055081E+05  5.905826E+05  7.101943E+03  1.096440E+04  1.025421E+05
1.678915E-01  2.705249E+06  3.238799E+04  3.062248E+05  5.654504E+05  6.818524E+03  8.766673E+03  9.424174E+04
1.718022E-01  2.619159E+06  3.367354E+04  2.940188E+05  5.530551E+05  7.496229E+03  8.091168E+03  8.900285E+04
1.758040E-01  2.571981E+06  3.000005E+04  2.926749E+05  5.483731E+05  6.976757E+03  7.674432E+03  9.255830E+04
1.798990E-01  2.510027E+06  3.295341E+04  2.786267E+05  5.278227E+05  9.204227E+03  9.545125E+03  8.499706E+04
1.840894E-01  2.458333E+06  2.953820E+04  2.762821E+05  5.317986E+05  7.662163E+03  8.772622E+03  8.850354E+04
1.883774E-01  2.390872E+06  3.157878E+04  2.785661E+05  5.075393E+05  7.053679E+03  8.138860E+03  8.486118E+04
1.927653E-01  2.331677E+06  2.767852E+04  2.704223E+05  4.986375E+05  5.938686E+03  8.377789E+03  8.717142E+04
1.972553E-01  2.310520E+06  2.735938E+04  2.583596E+05  5.103975E+05  6.321675E+03  1.067430E+04  8.394355E+04
2.018500E-01  2.252964E+06  2.785063E+04  2.633150E+05  4.807525E+05  5.975226E+03  8.203276E+03  8.496974E+04
2.065517E-01  2.199107E+06  3.018576E+04  2.580140E+05  4.800031E+05  6.630971E+03  6.828910E+03  7.848298E+04
2.113629E-01  2.146728E+06  2.650043E+04  2.482723E+05  4.691736E+05  6.093164E+03  7.060333E+03  7.756695E+04
2.162862E-01  2.084536E+06  2.788203E+04  2.424319E+05  4.624636E+05  5.481890E+03  7.561228E+03  8.118868E+04
2.213241E-01  2.045491E+06  2.503062E+04  2.356203E+05  4.515672E+05  6.188382E+03  6.927293E+03  7.869405E+04
2.264794E-01  2.005880E+06  2.355824E+04  2.324232E+05  4.410175E+05  6.498825E+03  8.304054E+03  7.455596E+04
2.317548E-01  1.969924E+06  2.610923E+04  2.215756E+05  4.392701E+05  4.674963E+03  6.527307E+03  7.259424E+04
2.371531E-01  1.918704E+06  2.508391E+04  2.264448E+05  4.230648E+05  5.602936E+03  7.585514E+03  7.163138E+04
2.426771E-01  1.867616E+06  2.308091E+04  2.265130E+05  4.245539E+05  5.475398E+03  6.991662E+03  7.564473E+04
2.483298E-01  1.836299E+06  2.329640E+04  2.144421E+05  4.089629E+05  4.939165E+03  7.244109E+03  6.865440E+04
2.541141E-01  1.795224E+06  2.155942E+04  2.132613E+05  4.124446E+05  5.068073E+03  7.642332E+03  6.886144E+04
2.600332E-01  1.726845E+06  2.374156E+04  2.157966E+05  3.969243E+05  3.852108E+03  6.289155E+03  7.311143E+04
2.660901E-01  1.708357E+06  2.197194E+04  2.060445E+05  3.957253E+05  5.531397E+03  7.528846E+03  6.952659E+04
2.722882E-01  1.667968E+06  2.319855E+04  2.005285E+05  3.864172E+05  4.279344E+03  5.630715E+03  6.689290E+04
2.786306E-01  1.633962E+06  2.252375E+04  1.979449E+05  3.747600E+05  3.815098E+03  6.529686E+03  6.360942E+04
2.851207E-01  1.602576E+06  2.258462E+04  2.006088E+05  3.783462E+05  4.588622E+03  6.309355E+03  6.029736E+04
2.917620E-01  1.553275E+06  2.179027E+04  1.918385E+05  3.705047E+05  4.694368E+03  6.165737E+03  6.509056E+04
2.985580E-01  1.512372E+06  2.129427E+04  1.821310E+05  3.672748E+05  4.792922E+03  7.463264E+03  6.251340E+04
3.055124E-01  1.464230E+06  1.967205E+04  1.868845E+05  3.562381E+05  4.148528E+03  5.486763E+03  5.700880E+04
3.126287E-01  1.451170E+06  2.013970E+04  1.823035E+05  3.487176E+05  4.184873E+03  5.688812E+03  5.616884E+04
3.199107E-01  1.414367E+06  1.853106E+04  1.750227E+05  3.335591E+05  3.834013E+03  4.728616E+03  5.878820E+04
3.273624E-01  1.400282E+06  1.835903E+04  1.658557E+05  3.327105E+05  4.058968E+03  5.370328E+03  5.938583E+04
3.349876E-01  1.352358E+06  1.800215E+04  1.728816E+05  3.323380E+05  3.905551E+03  5.003987E+03  5.534898E+04
3.427905E-01  1.325093E+06  1.848690E+04  1.634599E+05  3.266814E+05  3.757014E+03  6.023150E+03  5.546069E+04
3.507751E-01  1.302157E+06  1.940647E+04  1.627113E+05  3.174386E+05  4.254271E+03  5.128437E+03  5.728697E+04
3.589457E-01  1.250020E+06  1.833826E+04  1.595771E+05  3.146550E+05  3.929628E+03  4.271335E+03  5.541345E+04
3.673066E-01  1.236927E+06  1.547202E+04  1.556107E+05  3.072699E+05  3.283631E+03  4.174107E+03  5.498690E+04
3.758623E-01  1.220301E+06  1.816556E+04  1.564196E+05  3.097935E+05  3.698377E+03  5.275627E+03  5.177728E+04
3.846173E-01  1.175091E+06  1.557292E+04  1.497764E+05  3.002968E+05  3.507892E+03  6.271686E+03  5.240579E+04
3.935762E-01  1.162159E+06  1.688051E+04  1.460035E+05  2.873843E+05  3.531923E+03  4.778484E+03  5.126482E+04
4.027437E-01  1.123878E+06  1.680081E+04  1.496846E+05  2.908926E+05  3.451527E+03  4.415924E+03  4.872744E+04
4.121248E-01  1.099387E+06  1.567435E+04  1.423588E+05  2.804517E+05  3.720177E+03  5.257850E+03  4.975116E+04
4.217245E-01  1.079500E+06  1.555992E+04  1.390698E+05  2.852167E+05  3.538549E+03  5.235113E+03  4.963663E+04
4.315477E-01  1.044601E+06  1.378464E+04  1.374674E+05  2.774928E+05  2.652714E+03  5.258057E+03  4.746462E+04
4.415997E-01  1.020591E+06  1.421153E+04  1.320700E+05  2.702504E+05  2.777497E+03  4.490287E+03  4.680082E+04
4.518859E-01  1.002788E+06  1.289280E+04  1.322303E+05  2.626059E+05  3.257128E+03  3.754745E+03  4.573550E+04
4.624117E-01  9.869469E+05  1.480973E+04  1.326244E+05  2.609165E+05  3.713484E+03  4.111358E+03  4.314715E+04
4.731826E-01  9.633148E+05  1.404060E+04  1.310312E+05  2.569646E+05  3.153735E+03  4.622598E+03  4.320185E+04
4.842045E-01  9.441735E+05  1.397431E+04  1.213358E+05  2.517486E+05  2.701981E+03  3.884098E+03  4.285173E+04
4.954830E-01  9.029604E+05  1.423382E+04  1.255051E+05  2.521655E+05  3.341853E+03  4.084487E+03  4.261894E+04
5.070243E-01  8.965986E+05  1.346632E+04  1.199873E+05  2.405794E+05  2.781963E+03  4.314059E+03  4.185041E+04
5.188344E-01  8.651573E+05  1.331739E+04  1.174136E+05  2.325421E+05  3.112644E+03  4.570464E+03  4.152818E+04
5.309196E-01  8.421526E+05  1.339928E+04  1.176288E+05  2.308681E+05  2.656754E+03  3.234310E+03  4.039037E+04
5.432863E-01  8.340077E+05  1.271801E+04  1.133332E+05  2.306173E+05  2.633907E+03  4.026114E+03  4.033640E+04
5.559411E-01  8.139938E+05  1.191372E+04  1.140996E+05  2.245589E+05  2.500410E+03  4.522801E+03  3.647657E+04
5.688906E-01  7.970461E+05  1.200187E+04  1.074059E+05  2.204894E+05  2.802831E+03  3.485572E+03  3.988644E+04
5.821418E-01  7.740923E+05  1.127217E+04  1.097719E+05  2.206676E+05  2.809262E+03  4.213894E+03  3.771435E+04
5.957016E-01  7.647763E+05  1.125579E+04  1.092979E+05  2.133454E+05  2.367835E+03  4.289556E+03  3.644407E+04
6.095773E-01  7.473344E+05  1.213978E+04  1.101300E+05  2.095286E+05  2.682825E+03  2.984643E+03  3.477612E+04
6.237762E-01  7.142319E+05  1.192899E+04  1.049030E+05  2.100027E+05  2.162949E+03  3.506599E+03  3.595083E+04
6.383058E-01  7.187589E+05  1.152935E+04  1.029955E+05  2.050943E+05  2.209792E+03  3.715013E+03  3.378740E+04
6.531738E-01  6.878136E+05  1.107913E+04  1.016213E+05  2.005823E+05  2.441164E+03  2.597649E+03  3.173513E+04
6.683882E-01  6.780904E+05  9.787061E+03  9.673898E+04  1.971787E+05  2.446765E+03  3.119626E+03  3.315367E+04
6.839570E-01  6.651060E+05  9.624057E+03  9.946852E+04  1.918236E+05  2.151963E+03  3.257833E+03  3.338532E+04
6.998884E-01  6.459941E+05  1.077776E+04  9.200531E+04  1.903488E+05  2.161394E+03  3.738628E+03  3.157388E+04
7.161909E-01  6.345434E+05  9.761767E+03  9.276533E+04  1.857875E+05  2.083652E+03  3.139750E+03  3.193982E+04
7.328731E-01  6.174216E+05  9.232734E+03  9.182526E+04  1.827579E+05  2.398837E+03  3.291428E+03  3.193801E+04
7.499439E-01  6.071018E+05  9.622259E+03  8.998038E+04  1.806150E+05  1.717287E+03  3.652642E+03  3.104746E+04
7.674123E-01  5.989830E+05  8.817192E+03  8.468234E+04  1.778622E+05  2.051129E+03  2.344148E+03  3.012763E+04
7.852877E-01  5.798038E+05  9.709819E+03  8.494140E+04  1.729285E+05  1.561901E+03  2.759359E+03  2.980628E+04
8.035794E-01  5.667330E+05  9.158088E+03  8.534829E+04  1.716124E+05  1.907935E+03  2.645670E+03  2.994186E+04
8.222971E-01  5.508245E+05  9.073925E+03  8.564294E+04  1.688993E+05  2.336846E+03  2.908628E+03  2.729636E+04
8.414509E-01  5.349336E+05  8.721612E+03  8.160416E+04  1.642530E+05  1.554828E+03  2.769537E+03  2.825414E+04
8.610508E-01  5.325622E+05  8.072002E+03  8.157470E+04  1.657372E+05  1.661883E+03  2.991389E+03  2.749229E+04
8.811073E-01  5.129689E+05  8.305874E+03  7.874340E+04  1.616397E+05  1.763258E+03  2.366478E+03  2.649527E+04
9.016309E-01  5.067111E+05  8.502244E+03  7.810729E+04  1.559878E+05  1.541740E+03  2.811409E+03  2.627760E+04
9.226326E-01  4.872892E+05  8.641058E+03  7.630719E+04  1.572451E+05  1.750368E+03  2.082717E+03  2.499260E+04
9.441234E-01  4.745732E+05  7.318448E+03  7.541466E+04  1.535142E+05  1.407394E+03  2.836440E+03  2.522483E+04
9.661149E-01  4.647651E+05  7.363454E+03  7.634293E+04  1.508873E+05  1.925501E+03  2.919990E+03  2.456601E+04
9.886186E-01  4.570807E+05  7.754139E+03  7.359195E+04  1.455710E+05  1.302695E+03  2.688102E+03  2.371733E+04
1.011646E+00  4.375629E+05  7.759497E+03  7.250280E+04  1.430051E+05  1.070972E+03  2.384429E+03  2.392511E+04
1.035211E+00  4.338230E+05  8.037051E+03  6.925292E+04  1.435413E+05  1.619258E+03  2.804082E+03  2.424938E+04
1.059324E+00  4.235235E+05  7.082203E+03  7.028170E+04  1.370512E+05  1.312234E+03  2.605170E+03  2.321496E+04
1.083999E+00  4.207473E+05  6.656977E+03  6.590973E+04  1.412109E+05  1.263505E+03  2.357286E+03  2.232822E+04
1.109248E+00  4.071524E+05  6.726594E+03  6.413300E+04  1.388443E+05  1.253174E+03  2.524776E+03  2.181996E+04
1.135086E+00  4.004238E+05  6.465420E+03  6.499639E+04  1.311274E+05  1.188629E+03  1.836972E+03  2.159342E+04
1.161526E+00  3.886867E+05  6.423847E+03  6.198572E+04  1.288289E+05  1.407966E+03  1.830356E+03  2.092590E+04
1.188581E+00  3.797532E+05  6.638801E+03  6.422094E+04  1.245377E+05  1.341519E+03  2.081075E+03  2.167070E+04
1.216267E+00  3.713778E+05  5.714539E+03  6.218764E+04  1.283418E+05  1.193330E+03  1.798399E+03  2.124464E+04
1.244597E+00  3.645339E+05  6.816327E+03  6.144549E+04  1.245663E+05  1.199017E+03  2.102385E+03  2.023546E+04
1.273587E+00  3.558990E+05  6.613015E+03  5.826516E+04  1.216185E+05  1.171724E+03  2.038478E+03  2.030453E+04
1.303253E+00  3.483311E+05  6.117401E+03  5.803688E+04  1.211402E+05  8.470247E+02  1.866591E+03  1.938745E+04
1.333610E+00  3.387773E+05  6.070123E+03  5.660850E+04  1.162980E+05  1.042344E+03  2.161332E+03  1.868556E+04
1.364674E+00  3.306763E+05  6.156645E+03  5.648835E+04  1.142799E+05  9.736787E+02  1.692703E+03  1.799059E+04
1.396461E+00  3.207631E+05  5.987226E+03  5.671030E+04  1.114151E+05  1.097902E+03  1.698088E+03  1.810806E+04
1.428989E+00  3.168234E+05  5.850940E+03  5.381720E+04  1.120834E+05  1.087216E+03  1.745268E+03  1.813934E+04
1.462274E+00  3.086051E+05  5.717756E+03  5.397618E+04  1.087911E+05  1.146347E+03  1.887279E+03  1.804798E+04
1.496335E+00  3.027962E+05  5.942806E+03  5.192783E+04  1.069842E+05  1.147576E+03  1.885304E+03  1.650324E+04
1.531189E+00  2.924459E+05  5.447064E+03  5.137329E+04  1.033474E+05  1.174857E+03  1.722233E+03  1.535324E+04
1.566855E+00  2.868980E+05  4.775110E+03  4.995600E+04  1.028345E+05  1.148114E+03  1.500376E+03  1.546040E+04
1.603352E+00  2.804057E+05  5.278404E+03  4.972410E+04  1.033496E+05  8.924838E+02  1.440724E+03  1.671495E+04
1.640699E+00  2.738484E+05  5.170713E+03  4.749580E+04  9.942720E+04  1.059062E+03  1.744337E+03  1.587347E+04
1.678915E+00  2.681628E+05  5.040837E+03  4.886203E+04  9.654299E+04  1.047130E+03  1.753335E+03  1.531733E+04
1.718022E+00  2.589412E+05  4.949891E+03  4.722625E+04  9.668946E+04  8.448132E+02  1.154181E+03  1.537322E+04
1.758040E+00  2.560586E+05  4.779078E+03  4.663962E+04  9.612808E+04  9.883738E+02  1.406979E+03  1.446514E+04
1.798990E+00  2.550935E+05  4.670293E+03  4.458937E+04  9.393994E+04  7.158844E+02  1.772666E+03  1.445405E+04
1.840894E+00  2.419911E+05  5.008168E+03  4.391863E+04  9.075777E+04  8.106347E+02  1.543537E+03  1.423608E+04
1.883774E+00  2.432977E+05  4.850761E+03  4.472032E+04  8.884380E+04  7.270715E+02  1.345625E+03  1.316325E+04
1.927653E+00  2.312376E+05  4.591877E+03  4.238737E+04  8.843339E+04  9.120125E+02  1.325600E+03  1.365898E+04
1.972553E+00  2.268134E+05  4.756801E+03  4.230340E+04  8.769510E+04  7.150747E+02  1.316152E+03  1.295425E+04
2.018500E+00  2.239494E+05  4.152276E+03  4.124931E+04  8.585083E+04  6.380326E+02  1.630528E+03  1.265938E+04
2.065517E+00  2.165655E+05  4.176522E+03  4.018170E+04  8.431230E+04  6.828910E+02  1.474649E+03  1.274730E+04
2.113629E+00  2.141699E+05  4.158826E+03  4.118205E+04  8.106810E+04  6.576748E+02  1.392723E+03  1.257320E+04
2.162862E+00  2.063270E+05  3.960193E+03  3.959248E+04  7.961027E+04  6.994135E+02  1.143636E+03  1.246657E+04
2.213241E+00  2.029420E+05  4.073249E+03  3.812782E+04  7.902656E+04  6.927293E+02  1.450113E+03  1.197960E+04
2.264794E+00  1.989272E+05  4.152027E+03  3.745850E+04  7.722770E+04  6.589086E+02  1.227556E+03  1.130976E+04
2.317548E+00  1.929084E+05  3.889922E+03  3.721447E+04  7.638713E+04  5.557032E+02  1.208434E+03  1.085826E+04
2.371531E+00  1.895085E+05  3.922055E+03  3.564329E+04  7.380360E+04  6.982120E+02  1.146447E+03  1.093004E+04
2.426771E+00  1.866016E+05  4.034947E+03  3.621344E+04  7.296599E+04  6.149293E+02  9.350295E+02  1.129617E+04
2.483298E+00  1.800655E+05  3.654982E+03  3.566901E+04  7.198834E+04  6.997151E+02  9.796011E+02  1.034755E+04
2.541141E+00  1.757415E+05  3.684409E+03  3.447094E+04  7.168508E+04  7.079213E+02  1.053837E+03  1.040966E+04
2.600332E+00  1.719848E+05  3.671294E+03  3.392999E+04  6.986465E+04  6.289155E+02  9.119275E+02  1.014126E+04
2.660901E+00  1.679701E+05  3.364933E+03  3.321143E+04  6.909637E+04  5.685047E+02  1.160057E+03  1.026381E+04
2.722882E+00  1.644394E+05  3.468521E+03  3.259058E+04  6.723825E+04  5.855944E+02  1.021036E+03  1.057073E+04
2.786306E+00  1.591776E+05  3.396904E+03  3.290522E+04  6.676421E+04  5.722647E+02  9.977948E+02  9.376336E+03
2.851207E+00  1.572750E+05  3.384109E+03  3.116678E+04  6.525881E+04  4.947108E+02  7.814997E+02  9.729313E+03
2.917620E+00  1.536109E+05  3.510266E+03  3.103888E+04  6.307969E+04  5.605215E+02  9.248605E+02  9.521860E+03
2.985580E+00  1.495255E+05  3.450904E+03  3.082534E+04  6.238330E+04  5.409155E+02  9.585844E+02  9.325657E+03
3.055124E+00  1.479485E+05  3.198381E+03  3.007014E+04  6.136476E+04  5.152204E+02  8.698526E+02  9.086614E+03
3.126287E+00  1.430180E+05  3.177888E+03  2.907179E+04  5.938597E+04  4.446428E+02  1.006985E+03  8.951705E+03
3.199107E+00  1.395772E+05  3.163061E+03  2.894041E+04  5.918438E+04  4.920317E+02  7.987527E+02  8.396488E+03
3.273624E+00  1.364688E+05  3.103550E+03  2.761972E+04  5.787465E+04  4.995653E+02  7.431035E+02  7.999290E+03
3.349876E+00  1.332647E+05  3.130543E+03  2.778433E+04  5.738719E+04  3.356333E+02  8.360320E+02  8.055199E+03
3.427905E+00  1.307739E+05  2.987721E+03  2.615001E+04  5.464965E+04  4.413001E+02  6.559867E+02  7.675044E+03
3.507751E+00  1.268764E+05  2.832296E+03  2.706416E+04  5.529387E+04  4.895326E+02  7.867488E+02  7.523650E+03
3.589457E+00  1.243300E+05  2.813386E+03  2.604945E+04  5.392702E+04  3.986579E+02  7.973158E+02  7.665622E+03
3.673066E+00  1.207653E+05  2.971964E+03  2.526726E+04  5.225982E+04  3.283631E+02  8.069940E+02  7.713750E+03
3.758623E+00  1.187777E+05  2.735712E+03  2.607356E+04  5.102129E+04  4.242256E+02  6.744100E+02  7.309734E+03
3.846173E+00  1.152874E+05  2.620289E+03  2.491135E+04  5.070499E+04  4.039391E+02  6.112237E+02  6.989210E+03
3.935762E+00  1.134786E+05  2.550256E+03  2.413134E+04  4.910931E+04  3.168343E+02  6.752206E+02  6.793758E+03
4.027437E+00  1.095403E+05  2.451599E+03  2.362773E+04  4.817418E+04  3.806831E+02  7.309115E+02  6.948735E+03
4.121248E+00  1.079546E+05  2.415635E+03  2.317422E+04  4.756370E+04  4.067393E+02  8.283594E+02  6.621915E+03
4.217245E+00  1.055602E+05  2.321870E+03  2.261278E+04  4.633075E+04  3.926335E+02  5.865266E+02  6.529350E+03
4.315477E+00  1.032806E+05  2.212174E+03  2.228753E+04  4.638933E+04  3.600111E+02  6.726524E+02  6.262299E+03
4.415997E+00  1.000130E+05  2.430310E+03  2.245143E+04  4.486120E+04  3.286705E+02  7.221492E+02  6.050314E+03
4.518859E+00  9.961383E+04  2.365942E+03  2.223895E+04  4.505694E+04  2.759511E+02  6.559494E+02  5.935211E+03
4.624117E+00  9.534371E+04  2.382819E+03  2.072036E+04  4.376607E+04  4.111358E+02  5.083937E+02  5.711693E+03
4.731826E+00  9.415411E+04  2.173053E+03  2.103930E+04  4.268775E+04  4.017772E+02  6.134662E+02  6.091461E+03
4.842045E+00  9.244575E+04  2.144697E+03  2.010021E+04  4.183004E+04  3.081947E+02  5.066214E+02  5.733266E+03
4.954830E+00  8.966068E+04  2.124758E+03  1.997685E+04  4.125744E+04  2.970536E+02  5.528498E+02  5.396474E+03
5.070243E+00  8.749880E+04  2.108648E+03  2.010674E+04  4.000786E+04  2.902918E+02  5.241380E+02  5.701009E+03
5.188344E+00  8.545980E+04  2.143390E+03  1.882952E+04  3.912869E+04  3.349047E+02  4.767467E+02  5.122072E+03
5.309196E+00  8.355685E+04  1.982940E+03  1.862423E+04  3.856914E+04  2.425732E+02  4.543435E+02  5.236501E+03
5.432863E+00  8.220422E+04  2.009294E+03  1.838090E+04  3.790192E+04  2.859670E+02  5.719340E+02  4.947982E+03
5.559411E+00  8.016020E+04  1.963557E+03  1.841478E+04  3.753189E+04  2.831347E+02  4.669883E+02  5.041268E+03
5.688906E+00  7.682632E+04  1.922455E+03  1.760753E+04  3.669553E+04  2.335693E+02  5.318192E+02  4.761219E+03
5.821418E+00  7.564290E+04  1.843578E+03  1.787393E+04  3.564252E+04  3.090189E+02  4.705515E+02  4.838954E+03
5.957016E+00  7.452160E+04  1.890836E+03  1.718225E+04  3.534251E+04  2.573734E+02  4.495455E+02  4.502318E+03
6.095773E+00  7.328807E+04  1.841088E+03  1.702252E+04  3.435357E+04  2.414542E+02  4.594337E+02  4.564156E+03
6.237762E+00  7.023029E+04  1.632043E+03  1.591734E+04  3.336185E+04  2.621756E+02  4.915793E+02  4.371779E+03
6.383058E+00  6.915368E+04  1.594893E+03  1.591050E+04  3.320133E+04  2.498026E+02  4.387558E+02  4.163376E+03
6.531738E+00  6.817419E+04  1.702555E+03  1.605535E+04  3.237046E+04  2.003006E+02  3.599152E+02  4.221962E+03
6.683882E+00  6.575988E+04  1.633216E+03  1.543909E+04  3.118402E+04  2.599688E+02  4.281839E+02  4.196202E+03
6.839570E+00  6.541370E+04  1.625928E+03  1.513846E+04  3.087170E+04  1.882968E+02  4.303926E+02  4.055853E+03
6.998884E+00  6.327920E+04  1.583075E+03  1.506550E+04  3.033838E+04  2.570307E+02  4.176749E+02  4.127095E+03
7.161909E+00  6.242393E+04  1.501371E+03  1.460269E+04  2.975912E+04  2.197825E+02  3.881872E+02  3.970356E+03
7.328731E+00  5.925407E+04  1.550876E+03  1.408341E+04  2.913750E+04  2.370944E+02  3.960871E+02  3.743302E+03
7.499439E+00  5.906649E+04  1.583720E+03  1.413627E+04  2.867324E+04  2.071648E+02  3.598125E+02  3.876162E+03
7.674123E+00  5.732773E+04  1.515705E+03  1.384379E+04  2.788470E+04  2.077767E+02  3.542860E+02  3.612119E+03
7.852877E+00  5.583016E+04  1.436949E+03  1.349222E+04  2.738794E+04  1.848250E+02  3.201898E+02  3.529897E+03
8.035794E+00  5.477046E+04  1.366081E+03  1.307826E+04  2.666530E+04  1.704422E+02  2.976379E+02  3.431739E+03
8.222971E+00  5.395878E+04  1.461772E+03  1.317584E+04  2.669474E+04  1.566184E+02  3.231809E+02  3.453064E+03
8.414509E+00  5.227866E+04  1.372621E+03  1.281032E+04  2.575912E+04  1.797770E+02  3.206832E+02  3.478927E+03
8.610508E+00  5.091059E+04  1.360370E+03  1.216973E+04  2.517277E+04  1.638141E+02  2.777718E+02  3.285779E+03
8.811073E+00  5.040366E+04  1.264442E+03  1.240545E+04  2.466705E+04  1.856061E+02  3.642520E+02  3.027700E+03
9.016309E+00  4.864191E+04  1.197116E+03  1.197343E+04  2.417131E+04  1.428377E+02  2.947445E+02  3.108421E+03
9.226326E+00  4.752360E+04  1.227473E+03  1.158345E+04  2.408418E+04  1.927621E+02  3.522893E+02  3.155094E+03
9.441234E+00  4.656958E+04  1.299133E+03  1.164240E+04  2.303796E+04  1.515655E+02  2.836440E+02  3.007493E+03
9.661149E+00  4.587559E+04  1.119330E+03  1.127793E+04  2.274630E+04  1.417676E+02  3.004628E+02  2.896715E+03
9.886186E+00  4.422961E+04  1.211713E+03  1.092196E+04  2.215202E+04  1.488795E+02  2.708779E+02  2.820439E+03
1.011646E+01  4.333800E+04  1.129573E+03  1.105122E+04  2.174074E+04  1.374078E+02  2.970432E+02  2.707741E+03
1.035211E+01  4.230017E+04  1.048569E+03  1.096159E+04  2.132682E+04  1.579764E+02  3.041046E+02  2.719169E+03
1.059324E+01  4.128326E+04  1.107680E+03  1.031647E+04  2.074873E+04  1.640292E+02  2.412195E+02  2.746042E+03
1.083999E+01  3.992112E+04  1.097553E+03  1.024382E+04  2.094402E+04  1.301222E+02  2.677877E+02  2.677877E+03
1.109248E+01  3.950077E+04  1.074412E+03  9.914815E+03  2.017241E+04  1.234745E+02  2.653779E+02  2.454746E+03
1.135086E+01  3.821982E+04  1.105785E+03  9.858415E+03  1.959617E+04  1.386734E+02  2.539343E+02  2.465504E+03
1.161526E+01  3.749415E+04  1.004936E+03  9.744888E+03  1.898819E+04  1.284769E+02  2.446342E+02  2.409383E+03
1.188581E+01  3.703109E+04  1.047417E+03  9.225525E+03  1.867808E+04  1.203928E+02  2.906625E+02  2.309821E+03
1.216267E+01  3.579823E+04  9.664295E+02  9.279404E+03  1.821425E+04  1.294175E+02  1.882437E+02  2.332877E+03
1.244597E+01  3.514433E+04  8.803738E+02  9.071464E+03  1.802138E+04  1.215441E+02  2.299484E+02  2.315909E+03
1.273587E+01  3.414370E+04  8.699647E+02  8.816819E+03  1.774118E+04  1.348285E+02  2.536059E+02  2.202198E+03
1.303253E+01  3.329278E+04  9.474128E+02  8.644358E+03  1.716009E+04  1.348965E+02  2.180304E+02  2.203833E+03
1.333610E+01  3.250275E+04  9.687671E+02  8.507370E+03  1.666678E+04  1.134316E+02  2.222646E+02  2.136806E+03
1.364674E+01  3.142586E+04  9.122621E+02  8.246310E+03  1.657651E+04  1.018618E+02  1.842500E+02  2.074685E+03
1.396461E+01  3.101500E+04  8.578274E+02  8.172783E+03  1.612013E+04  1.127179E+02  2.122611E+02  2.002573E+03
1.428989E+01  3.071100E+04  8.926617E+02  8.136955E+03  1.592200E+04  1.029994E+02  1.959850E+02  1.988461E+03
1.462274E+01  2.993364E+04  8.485765E+02  7.656760E+03  1.558473E+04  1.188287E+02  2.124936E+02  1.972556E+03
1.496335E+01  2.901592E+04  8.005712E+02  7.558976E+03  1.515211E+04  1.024622E+02  1.598410E+02  1.908529E+03
1.531189E+01  2.869855E+04  7.930284E+02  7.511074E+03  1.481521E+04  1.068052E+02  1.708883E+02  1.819693E+03
1.566855E+01  2.750907E+04  7.554068E+02  7.261821E+03  1.444406E+04  8.741322E+01  1.970059E+02  1.778272E+03
1.603352E+01  2.734570E+04  7.611612E+02  7.215094E+03  1.425424E+04  9.179834E+01  1.708469E+02  1.816842E+03
1.640699E+01  2.594701E+04  7.575406E+02  7.121878E+03  1.394224E+04  6.478965E+01  1.557444E+02  1.775486E+03
1.678915E+01  2.571314E+04  7.025514E+02  6.880621E+03  1.352990E+04  7.792598E+01  1.802038E+02  1.703413E+03
1.718022E+01  2.521113E+04  7.436736E+02  6.739467E+03  1.338374E+04  7.020278E+01  1.475448E+02  1.607525E+03
1.758040E+01  2.416516E+04  7.000012E+02  6.447686E+03  1.306165E+04  8.720946E+01  1.511631E+02  1.667445E+03
1.798990E+01  2.427189E+04  7.238386E+02  6.465686E+03  1.255979E+04  8.749698E+01  1.534038E+02  1.551083E+03
1.840894E+01  2.366276E+04  6.518391E+02  6.235224E+03  1.252597E+04  6.107522E+01  1.532433E+02  1.455811E+03
1.883774E+01  2.290709E+04  6.326607E+02  6.215919E+03  1.226580E+04  7.487751E+01  1.464995E+02  1.468250E+03
1.927653E+01  2.200707E+04  6.490135E+02  6.089274E+03  1.178723E+04  7.635453E+01  1.346809E+02  1.443313E+03
1.972553E+01  2.211550E+04  6.456399E+02  5.996264E+03  1.157385E+04  6.736211E+01  1.647781E+02  1.458131E+03
2.018500E+01  2.132143E+04  6.542366E+02  5.699758E+03  1.116557E+04  7.899451E+01  1.488743E+02  1.387468E+03
2.065517E+01  2.116071E+04  5.997565E+02  5.584861E+03  1.126770E+04  7.422729E+01  1.345988E+02  1.381617E+03
2.113629E+01  2.024188E+04  5.493519E+02  5.434522E+03  1.086227E+04  7.640634E+01  1.257320E+02  1.297941E+03
2.162862E+01  2.018281E+04  5.614211E+02  5.317433E+03  1.057721E+04  6.048982E+01  1.294860E+02  1.303367E+03
2.213241E+01  1.928928E+04  5.791217E+02  5.210248E+03  1.044174E+04  6.280746E+01  1.283858E+02  1.290324E+03
2.264794E+01  1.899372E+04  5.235164E+02  5.154832E+03  1.017608E+04  6.859870E+01  1.173399E+02  1.165275E+03
2.317548E+01  1.865222E+04  5.521749E+02  5.063073E+03  1.000883E+04  6.703721E+01  1.155510E+02  1.264886E+03
2.371531E+01  1.834574E+04  4.921964E+02  4.959892E+03  9.863754E+03  4.913344E+01  1.120587E+02  1.181789E+03
2.426771E+01  1.795004E+04  5.517516E+02  4.893321E+03  9.429477E+03  5.896582E+01  1.204588E+02  1.150676E+03
2.483298E+01  1.728214E+04  4.988557E+02  4.725135E+03  9.386061E+03  6.091637E+01  9.796011E+01  1.149179E+03
2.541141E+01  1.690725E+04  5.051984E+02  4.588617E+03  8.946356E+03  6.113866E+01  1.142328E+02  1.075558E+03
2.600332E+01  1.640605E+04  4.740451E+02  4.521116E+03  8.942392E+03  6.367770E+01  1.139909E+02  1.014126E+03
2.660901E+01  1.626845E+04  4.448165E+02  4.492723E+03  8.688134E+03  4.993622E+01  1.029454E+02  9.948832E+02
2.722882E+01  1.582982E+04  4.527095E+02  4.395712E+03  8.411538E+03  5.180258E+01  1.201219E+02  1.028544E+03
2.786306E+01  1.549223E+04  4.761535E+02  4.374890E+03  8.469517E+03  4.768872E+01  1.049152E+02  9.911917E+02
2.851207E+01  1.499547E+04  4.430888E+02  4.230136E+03  8.205030E+03  3.799953E+01  9.535730E+01  9.922895E+02
2.917620E+01  1.458897E+04  4.379075E+02  4.005627E+03  7.957304E+03  5.465085E+01  1.015945E+02  1.011041E+03
2.985580E+01  1.447052E+04  4.313630E+02  3.928827E+03  7.891888E+03  4.655981E+01  9.859725E+01  9.448903E+02
3.055124E+01  1.394508E+04  4.135146E+02  3.937087E+03  7.623254E+03  3.613234E+01  8.564703E+01  8.905953E+02
3.126287E+01  1.362634E+04  4.237184E+02  3.733038E+03  7.433381E+03  3.857930E+01  8.958244E+01  9.370192E+02
3.199107E+01  1.333406E+04  4.089614E+02  3.675540E+03  7.303795E+03  4.792516E+01  7.284625E+01  8.652089E+02
3.273624E+01  1.313295E+04  3.884121E+02  3.572517E+03  7.051365E+03  4.683425E+01  8.929731E+01  8.380209E+02
3.349876E+01  1.286757E+04  3.838424E+02  3.495468E+03  7.053181E+03  3.600430E+01  8.299296E+01  8.390832E+02
3.427905E+01  1.238562E+04  4.061154E+02  3.428425E+03  6.897402E+03  4.711177E+01  7.752570E+01  8.056709E+02
3.507751E+01  1.217071E+04  3.601561E+02  3.473933E+03  6.763126E+03  3.729772E+01  7.401266E+01  7.803383E+02
3.589457E+01  1.178091E+04  3.599311E+02  3.339614E+03  6.515778E+03  4.328286E+01  8.030109E+01  7.528939E+02
3.673066E+01  1.167637E+04  3.344851E+02  3.245229E+03  6.374140E+03  3.617559E+01  7.068155E+01  7.691488E+02
3.758623E+01  1.129310E+04  3.333979E+02  3.157218E+03  6.190975E+03  4.514196E+01  5.928282E+01  7.277102E+02
3.846173E+01  1.104348E+04  3.289978E+02  3.079504E+03  6.082473E+03  4.198841E+01  7.068935E+01  7.127399E+02
3.935762E+01  1.081859E+04  3.308581E+02  3.018755E+03  6.020371E+03  4.155204E+01  6.025045E+01  7.167726E+02
4.027437E+01  1.053071E+04  3.263723E+02  2.997752E+03  5.881300E+03  3.045465E+01  6.446234E+01  6.446234E+02
4.121248E+01  1.028753E+04  2.981102E+02  2.922075E+03  5.751393E+03  3.571370E+01  7.539558E+01  6.840165E+02
4.217245E+01  1.007178E+04  2.976259E+02  2.805148E+03  5.618537E+03  3.150763E+01  5.865266E+01  6.286983E+02
4.315477E+01  9.824040E+03  2.927459E+02  2.791981E+03  5.423378E+03  3.458002E+01  5.826496E+01  6.072819E+02
4.415997E+01  9.627267E+03  2.870080E+02  2.688617E+03  5.263819E+03  3.842204E+01  5.647577E+01  5.994764E+02
4.518859E+01  9.390028E+03  3.017367E+02  2.618821E+03  5.158024E+03  3.483317E+01  5.745212E+01  5.926163E+02
4.624117E+01  9.212978E+03  2.851426E+02  2.609607E+03  5.067138E+03  3.448236E+01  6.365973E+01  5.795688E+02
4.731826E+01  8.993761E+03  2.665554E+02  2.593839E+03  4.986789E+03  2.851322E+01  5.961855E+01  5.616240E+02
4.842045E+01  8.692357E+03  2.583769E+02  2.488778E+03  4.866943E+03  2.279796E+01  5.699491E+01  5.420849E+02
4.954830E+01  8.640547E+03  2.628099E+02  2.433364E+03  4.721914E+03  2.681734E+01  4.950893E+01  5.173683E+02
5.070243E+01  8.427736E+03  2.624722E+02  2.373136E+03  4.589836E+03  2.056234E+01  4.999470E+01  5.128489E+02
5.188344E+01  8.128334E+03  2.297052E+02  2.302174E+03  4.514909E+03  2.600437E+01  4.688666E+01  4.976290E+02
5.309196E+01  7.892486E+03  2.398780E+02  2.322542E+03  4.462962E+03  2.194710E+01  4.312413E+01  4.843764E+02
5.432863E+01  7.732397E+03  2.370516E+02  2.201570E+03  4.357234E+03  2.370516E+01  4.703405E+01  4.786184E+02
5.559411E+01  7.646107E+03  2.379067E+02  2.178666E+03  4.290409E+03  2.169473E+01  5.442069E+01  4.467644E+02
5.688906E+01  7.573393E+03  2.436307E+02  2.111466E+03  4.163641E+03  2.335693E+01  4.671385E+01  4.581551E+02
5.821418E+01  7.261943E+03  2.345734E+02  2.086580E+03  4.048849E+03  2.212294E+01  4.319241E+01  4.487797E+02
5.957016E+01  7.105907E+03  2.206548E+02  2.025700E+03  3.973158E+03  2.230569E+01  3.568911E+01  4.155722E+02
6.095773E+01  6.997142E+03  2.159674E+02  1.975900E+03  3.906864E+03  2.448078E+01  3.957167E+01  4.178500E+02
6.237762E+01  6.748728E+03  2.130177E+02  1.917815E+03  3.839890E+03  2.261265E+01  3.572143E+01  4.253799E+02
6.383058E+01  6.649873E+03  2.068878E+02  1.821637E+03  3.683627E+03  1.857506E+01  3.554883E+01  3.852724E+02
6.531738E+01  6.463764E+03  1.962320E+02  1.812095E+03  3.580374E+03  2.222085E+01  3.536558E+01  3.746248E+02
6.683882E+01  6.386669E+03  1.822840E+02  1.780328E+03  3.512637E+03  1.651567E+01  3.180795E+01  3.547810E+02
6.839570E+01  6.102609E+03  1.897912E+02  1.726054E+03  3.421920E+03  1.853079E+01  3.586605E+01  3.628449E+02
6.998884E+01  6.034672E+03  1.866393E+02  1.700492E+03  3.422889E+03  1.752482E+01  3.534172E+01  3.575063E+02
7.161909E+01  5.866194E+03  1.801075E+02  1.691183E+03  3.300448E+03  1.798220E+01  3.025577E+01  3.399492E+02
7.328731E+01  5.734337E+03  1.615031E+02  1.666634E+03  3.207190E+03  1.338886E+01  3.151960E+01  3.230062E+02
7.499439E+01  5.626704E+03  1.711835E+02  1.614795E+03  3.117012E+03  1.417443E+01  2.480526E+01  3.251942E+02
7.674123E+01  5.459467E+03  1.678197E+02  1.575907E+03  3.094009E+03  1.545007E+01  2.983461E+01  3.135298E+02
7.852877E+01  5.343785E+03  1.650409E+02  1.553311E+03  3.037638E+03  1.145394E+01  2.941581E+01  2.957200E+02
8.035794E+01  5.234102E+03  1.684071E+02  1.501926E+03  2.915579E+03  1.399152E+01  2.823744E+01  2.823744E+02
8.222971E+01  5.081149E+03  1.499062E+02  1.486632E+03  2.908628E+03  1.143563E+01  2.759468E+01  2.744552E+02
8.414509E+01  5.059264E+03  1.613134E+02  1.410277E+03  2.798447E+03  1.336180E+01  2.550889E+01  2.626201E+02
8.610508E+01  4.882374E+03  1.538429E+02  1.444651E+03  2.749466E+03  1.092094E+01  2.397859E+01  2.471457E+02
8.811073E+01  4.810911E+03  1.521970E+02  1.394366E+03  2.656024E+03  1.554451E+01  2.528883E+01  2.542804E+02
9.016309E+01  4.650841E+03  1.489593E+02  1.328844E+03  2.593071E+03  8.842334E+00  2.153902E+01  2.412370E+02
9.226326E+01  4.557383E+03  1.384785E+02  1.285745E+03  2.584341E+03  1.373707E+01  2.415065E+01  2.337517E+02
9.441234E+01  4.462738E+03  1.439872E+02  1.297184E+03  2.474632E+03  1.147567E+01  2.554961E+01  2.165221E+02
9.661149E+01  4.356710E+03  1.381706E+02  1.275486E+03  2.443905E+03  8.463740E+00  2.179413E+01  2.149790E+02
9.886186E+01  4.274081E+03  1.366796E+02  1.248520E+03  2.389309E+03  1.095918E+01  2.171159E+01  2.011941E+02
1.011646E+02  4.221651E+03  1.404388E+02  1.162712E+03  2.295922E+03  1.010351E+01  1.879253E+01  1.834798E+02
1.035211E+02  4.049331E+03  1.246039E+02  1.205360E+03  2.270319E+03  9.676057E+00  1.836476E+01  1.717994E+02
1.059324E+02  3.966999E+03  1.287147E+02  1.110960E+03  2.190466E+03  7.911998E+00  1.968351E+01  1.700115E+02
1.083999E+02  3.869344E+03  1.142812E+02  1.139229E+03  2.149468E+03  7.731899E+00  1.697246E+01  1.576553E+02
1.109248E+02  3.772053E+03  1.194201E+02  1.101503E+03  2.125235E+03  8.477351E+00  1.363748E+01  1.490908E+02
1.135086E+02  3.723830E+03  1.176022E+02  1.070847E+03  2.074517E+03  7.564002E+00  1.188629E+01  1.451568E+02
1.161526E+02  3.580283E+03  1.117573E+02  1.049639E+03  2.035040E+03  7.391824E+00  1.531164E+01  1.365727E+02
1.188581E+02  3.527508E+03  1.126532E+02  1.008891E+03  1.963606E+03  6.707596E+00  1.341519E+01  1.289922E+02
1.216267E+02  3.464356E+03  1.077359E+02  1.001557E+03  1.890672E+03  7.563361E+00  1.277368E+01  1.110974E+02
1.244597E+02  3.410134E+03  1.001918E+02  9.621697E+02  1.873915E+03  6.734203E+00  1.199017E+01  1.080757E+02
1.273587E+02  3.304421E+03  1.054551E+02  9.779879E+02  1.820024E+03  6.099383E+00  1.011214E+01  9.759013E+01
1.303253E+02  3.234536E+03  9.756470E+01  9.121201E+02  1.785810E+03  5.646831E+00  9.254529E+00  9.395700E+01
1.333610E+02  3.172559E+03  1.017819E+02  8.778686E+02  1.754051E+03  3.985434E+00  1.073002E+01  8.262112E+01
1.364674E+02  3.070383E+03  1.005136E+02  8.794566E+02  1.704986E+03  4.044512E+00  7.789430E+00  7.714531E+01
1.396461E+02  2.993759E+03  8.768577E+01  8.789072E+02  1.651537E+03  3.513286E+00  8.929603E+00  7.451095E+01
1.428989E+02  2.891995E+03  8.669119E+01  8.380148E+02  1.636117E+03  3.004150E+00  8.440231E+00  6.022606E+01
1.462274E+02  2.848533E+03  8.821281E+01  8.081748E+02  1.600413E+03  2.935767E+00  6.151131E+00  5.605917E+01
1.496335E+02  2.784512E+03  8.893717E+01  7.967459E+02  1.562480E+03  2.322476E+00  6.147731E+00  5.177755E+01
1.531189E+02  2.716857E+03  8.317453E+01  7.839500E+02  1.505018E+03  2.937142E+00  6.541817E+00  4.605973E+01
1.566855E+02  2.662842E+03  7.971564E+01  7.749769E+02  1.459801E+03  3.000752E+00  7.175712E+00  4.201053E+01
1.603352E+02  2.611280E+03  7.841108E+01  7.496864E+02  1.451434E+03  2.549954E+00  4.589917E+00  3.773932E+01
1.640699E+02  2.554208E+03  8.136085E+01  7.215325E+02  1.391981E+03  1.495146E+00  4.610033E+00  3.762784E+01
1.678915E+02  2.511408E+03  7.756071E+01  7.015774E+02  1.358834E+03  1.461112E+00  4.383337E+00  2.849169E+01
1.718022E+02  2.438416E+03  7.389140E+01  7.047646E+02  1.335281E+03  1.427853E+00  2.855706E+00  2.427350E+01
1.758040E+02  2.378260E+03  7.418618E+01  6.882570E+02  1.272793E+03  1.162793E+00  3.255820E+00  2.116283E+01
1.798990E+02  2.308102E+03  6.965668E+01  6.462277E+02  1.259843E+03  1.590854E+00  2.272649E+00  1.931751E+01
1.840894E+02  2.284546E+03  6.573914E+01  6.397351E+02  1.254596E+03  1.221504E+00  1.998825E+00  1.887779E+01
1.883774E+02  2.219196E+03  7.129641E+01  6.232196E+02  1.197715E+03  4.340725E-01  2.387399E+00  1.302218E+01
1.927653E+02  2.178013E+03  6.723441E+01  6.248346E+02  1.172890E+03  9.544316E-01  1.590719E+00  1.357414E+01
1.972553E+02  2.101594E+03  6.352765E+01  5.983828E+02  1.132409E+03  1.036340E+00  1.139974E+00  9.534329E+00
2.018500E+02  2.029653E+03  6.542366E+01  5.878002E+02  1.125469E+03  4.051001E-01  1.519125E+00  7.696901E+00
2.065517E+02  2.036698E+03  6.334062E+01  5.751130E+02  1.087182E+03  1.979394E-01  9.896972E-01  7.521698E+00
2.113629E+02  1.965867E+03  6.122179E+01  5.619251E+02  1.055955E+03  1.934338E-01  1.160603E+00  6.383315E+00
2.162862E+02  1.916204E+03  5.982821E+01  5.669030E+02  1.049782E+03  9.451534E-02  5.670921E-01  6.238013E+00
2.213241E+02  1.899002E+03  5.578780E+01  5.355260E+02  1.016188E+03  1.847278E-01  2.770917E-01  5.080015E+00
2.264794E+02  1.838626E+03  5.514975E+01  5.156637E+02  9.870993E+02  4.513073E-01  6.318302E-01  2.798105E+00
2.317548E+02  1.772428E+03  5.486466E+01  5.058663E+02  9.635716E+02  8.820685E-02  3.528274E-01  2.646206E+00
2.371531E+02  1.772855E+03  5.223661E+01  4.986613E+02  9.416381E+02  8.619902E-02  6.895921E-01  3.016966E+00
2.426771E+02  1.706639E+03  4.978400E+01  4.798976E+02  9.235733E+02  1.684738E-01  3.369476E-01  1.684738E+00
2.483298E+02  1.673142E+03  5.046181E+01  4.669981E+02  8.920956E+02  8.231942E-02  1.646388E-01  2.881180E+00
2.541141E+02  1.621381E+03  4.850870E+01  4.540350E+02  8.699388E+02  0.000000E+00  1.608912E-01  1.769803E+00
2.600332E+02  1.618829E+03  4.819065E+01  4.502249E+02  8.401525E+02  7.861444E-02  7.861444E-02  1.493674E+00
2.660901E+02  1.561390E+03  4.517307E+01  4.353670E+02  8.041268E+02  1.536499E-01  7.682496E-02  1.306024E+00
2.722882E+02  1.524497E+03  4.744816E+01  4.349915E+02  7.999370E+02  0.000000E+00  7.507621E-02  4.504572E-01
2.786306E+02  1.489209E+03  4.453393E+01  4.090225E+02  7.793804E+02  0.000000E+00  1.467345E-01  5.869381E-01
2.851207E+02  1.448212E+03  4.251645E+01  4.039421E+02  7.559038E+02  7.169722E-02  0.000000E+00  4.301833E-01
2.917620E+02  1.420502E+03  4.589270E+01  4.066584E+02  7.419203E+02  0.000000E+00  0.000000E+00  2.802608E-01
2.985580E+02  1.387140E+03  4.217771E+01  3.896646E+02  7.089416E+02  0.000000E+00  6.847031E-02  2.738813E-01
3.055124E+02  1.353558E+03  3.994631E+01  3.720962E+02  6.936071E+02  0.000000E+00  0.000000E+00  6.691174E-02
3.126287E+02  1.332882E+03  3.779464E+01  3.666341E+02  6.834421E+02  0.000000E+00  0.000000E+00  2.615546E-01
3.199107E+02  1.293340E+03  4.057664E+01  3.538794E+02  6.577249E+02  0.000000E+00  0.000000E+00  6.390022E-02
3.273624E+02  1.279886E+03  3.571892E+01  3.453870E+02  6.391939E+02  0.000000E+00  6.244567E-02  0.000000E+00
3.349876E+02  1.222804E+03  3.734683E+01  3.380742E+02  6.141479E+02  0.000000E+00  0.000000E+00  0.000000E+00
3.427905E+02  1.209818E+03  3.488656E+01  3.296035E+02  6.057739E+02  5.963515E-02  0.000000E+00  0.000000E+00
3.507751E+02  1.168526E+03  3.385934E+01  3.165061E+02  5.789888E+02  0.000000E+00  0.000000E+00  0.000000E+00
3.589457E+02  1.156677E+03  3.291775E+01  3.110101E+02  5.593740E+02  0.000000E+00  0.000000E+00  0.000000E+00
3.673066E+02  1.124393E+03  3.589732E+01  3.133363E+02  5.449714E+02  0.000000E+00  0.000000E+00  0.000000E+00
3.758623E+02  1.107392E+03  3.274152E+01  3.025055E+02  5.260398E+02  0.000000E+00  0.000000E+00  0.000000E+00
3.846173E+02  1.064380E+03  3.188993E+01  2.856806E+02  5.035420E+02  0.000000E+00  0.000000E+00  0.000000E+00
3.935762E+02  1.042437E+03  2.981359E+01  2.819306E+02  4.940018E+02  0.000000E+00  0.000000E+00  0.000000E+00
4.027437E+02  1.023784E+03  3.091147E+01  2.706911E+02  4.753970E+02  0.000000E+00  0.000000E+00  0.000000E+00
4.121248E+02  9.992395E+02  2.847175E+01  2.650254E+02  4.598635E+02  0.000000E+00  0.000000E+00  0.000000E+00
4.217245E+02  9.872551E+02  2.699961E+01  2.675240E+02  4.310728E+02  0.000000E+00  0.000000E+00  0.000000E+00
4.315477E+02  9.571559E+02  2.813771E+01  2.497814E+02  4.191761E+02  0.000000E+00  0.000000E+00  0.000000E+00
4.415997E+02  9.264804E+02  2.684914E+01  2.410867E+02  4.093567E+02  0.000000E+00  0.000000E+00  0.000000E+00
4.518859E+02  9.023149E+02  2.646416E+01  2.360965E+02  3.883220E+02  0.000000E+00  0.000000E+00  0.000000E+00
4.624117E+02  8.739951E+02  2.696697E+01  2.302802E+02  3.681655E+02  0.000000E+00  0.000000E+00  0.000000E+00
4.731826E+02  8.723317E+02  2.453865E+01  2.198110E+02  3.623339E+02  0.000000E+00  0.000000E+00  0.000000E+00
4.842045E+02  8.336878E+02  2.604879E+01  2.151875E+02  3.407029E+02  0.000000E+00  0.000000E+00  0.000000E+00
4.954830E+02  8.206106E+02  2.265034E+01  2.052558E+02  3.237059E+02  0.000000E+00  0.000000E+00  0.000000E+00
5.070243E+02  8.108819E+02  2.273953E+01  2.037284E+02  3.123863E+02  0.000000E+00  0.000000E+00  0.000000E+00
5.188344E+02  7.849772E+02  2.131570E+01  1.972786E+02  2.914459E+02  0.000000E+00  0.000000E+00  0.000000E+00
5.309196E+02  7.575600E+02  2.083049E+01  1.855878E+02  2.892012E+02  0.000000E+00  0.000000E+00  0.000000E+00
5.432863E+02  7.450569E+02  2.065735E+01  1.853141E+02  2.578971E+02  0.000000E+00  0.000000E+00  0.000000E+00
5.559411E+02  7.268839E+02  1.970911E+01  1.782278E+02  2.461801E+02  0.000000E+00  0.000000E+00  0.000000E+00
5.688906E+02  7.109129E+02  1.922455E+01  1.654389E+02  2.369470E+02  0.000000E+00  0.000000E+00  0.000000E+00
5.821418E+02  6.993308E+02  1.868160E+01  1.656060E+02  2.179285E+02  0.000000E+00  0.000000E+00  0.000000E+00
5.957016E+02  6.795343E+02  1.757002E+01  1.586793E+02  2.017464E+02  0.000000E+00  0.000000E+00  0.000000E+00
6.095773E+02  6.660783E+02  1.723715E+01  1.564758E+02  1.898769E+02  0.000000E+00  0.000000E+00  0.000000E+00
6.237762E+02  6.507527E+02  1.681201E+01  1.457696E+02  1.779517E+02  0.000000E+00  0.000000E+00  0.000000E+00
6.383058E+02  6.378933E+02  1.508423E+01  1.413947E+02  1.628841E+02  0.000000E+00  0.000000E+00  0.000000E+00
6.531738E+02  6.169885E+02  1.530422E+01  1.303519E+02  1.542941E+02  0.000000E+00  0.000000E+00  0.000000E+00
6.683882E+02  6.023936E+02  1.593456E+01  1.272930E+02  1.368659E+02  0.000000E+00  0.000000E+00  0.000000E+00
6.839570E+02  5.880239E+02  1.410731E+01  1.209583E+02  1.255910E+02  0.000000E+00  0.000000E+00  0.000000E+00
6.998884E+02  5.746389E+02  1.393223E+01  1.151381E+02  1.191104E+02  0.000000E+00  0.000000E+00  0.000000E+00
7.161909E+02  5.648980E+02  1.335821E+01  1.059237E+02  1.054100E+02  0.000000E+00  0.000000E+00  0.000000E+00
7.328731E+02  5.418025E+02  1.179893E+01  1.034010E+02  9.578613E+01  0.000000E+00  0.000000E+00  0.000000E+00
7.499439E+02  5.347304E+02  1.044001E+01  9.734019E+01  8.232074E+01  0.000000E+00  0.000000E+00  0.000000E+00
7.674123E+02  5.157924E+02  1.118798E+01  9.222091E+01  8.087310E+01  0.000000E+00  0.000000E+00  0.000000E+00
7.852877E+02  5.065506E+02  1.036061E+01  8.421251E+01  6.874969E+01  0.000000E+00  0.000000E+00  0.000000E+00
8.035794E+02  4.927306E+02  1.020109E+01  7.746216E+01  6.006180E+01  0.000000E+00  0.000000E+00  0.000000E+00
8.222971E+02  4.734103E+02  9.247945E+00  7.510227E+01  5.553739E+01  0.000000E+00  0.000000E+00  0.000000E+00
8.414509E+02  4.656223E+02  8.794495E+00  6.756213E+01  4.739795E+01  0.000000E+00  0.000000E+00  0.000000E+00
8.610508E+02  4.547386E+02  8.997908E+00  6.578681E+01  4.190318E+01  0.000000E+00  0.000000E+00  0.000000E+00
8.811073E+02  4.442251E+02  8.305874E+00  6.094841E+01  3.614679E+01  0.000000E+00  0.000000E+00  0.000000E+00
9.016309E+02  4.365166E+02  6.869814E+00  5.393824E+01  2.992790E+01  0.000000E+00  0.000000E+00  0.000000E+00
9.226326E+02  4.214178E+02  6.713437E+00  5.027323E+01  2.918019E+01  0.000000E+00  0.000000E+00  0.000000E+00
9.441234E+02  4.127995E+02  5.456358E+00  4.791635E+01  2.390404E+01  0.000000E+00  0.000000E+00  0.000000E+00
9.661149E+02  3.989384E+02  6.093893E+00  4.278421E+01  1.997443E+01  0.000000E+00  0.000000E+00  0.000000E+00
9.886186E+02  3.900229E+02  6.223989E+00  3.930832E+01  1.751402E+01  0.000000E+00  0.000000E+00  0.000000E+00
